# cosmomc_theta logA ns ombh2 omch2 Alens tau a_tSZ a_kSZ a_p beta_p a_c beta_c a_s
2.090882908824040597e-12 -1.101110618674289840e-09 1.762577321081566962e-09 9.741912064444890660e-12 -7.077635354630519578e-10 1.439296397678446508e-08 3.664132648964758605e-10 1.338358803527431432e-09 -7.036591553383995963e-09 -9.693372296323776823e-09 1.610592824919407988e-09 1.911360129449823506e-08 -4.980545169780216790e-09 9.438471873480638122e-10
-1.101110618674289840e-09 1.410172118238663987e-04 -1.135353758740851117e-05 -1.822641075408609385e-07 4.630963944043109607e-06 -1.969320141020338083e-04 6.387903616172506578e-05 6.823655972965691281e-05 3.667898551330959404e-05 -2.283697367501565440e-05 8.636323198116308938e-06 1.200341188187370721e-05 -1.017529659679140803e-05 -3.278732459726104673e-05
1.762577321081566962e-09 -1.135353758740851117e-05 1.017221177021569939e-05 -6.333095575596156155e-08 -2.298870615561719585e-06 4.395319837693674860e-05 -8.071445464727221923e-07 -4.172145592081202129e-06 -4.452954951199193320e-05 9.750891188342911449e-07 9.857822752941367676e-07 1.570306452698114189e-05 -6.282908252036260940e-06 6.470289397413385206e-06
9.741912064444890660e-12 -1.822641075408609385e-07 -6.333095575596156155e-08 4.562879555573349951e-09 -1.839532942019548170e-08 3.235197177717137786e-07 -9.517409681788801917e-08 -4.458971951675894705e-07 5.723097053720230737e-07 -7.337748710169046333e-08 -2.676034415384719958e-08 -1.936473925960762816e-07 1.129887348013673709e-07 5.541220562799030251e-08
-7.077635354630519578e-10 4.630963944043109607e-06 -2.298870615561719585e-06 -1.839532942019548170e-08 1.100110613011742969e-06 -1.900279437614114567e-05 7.960426013453399235e-07 -6.452542416901565322e-07 -2.140822321116292836e-06 7.314082506013639616e-06 -1.508448957777522525e-06 -1.247181859507615713e-05 3.944843347983958070e-06 -7.729823315482825365e-07
1.439296397678446508e-08 -1.969320141020338083e-04 4.395319837693674860e-05 3.235197177717137786e-07 -1.900279437614114567e-05 6.199347201514335401e-04 -7.012265481646062066e-05 -7.066029439287661732e-05 -2.667397725188664173e-04 -6.847493468660390784e-05 6.806998202047013977e-06 1.532610351213613536e-04 -3.521928293784267275e-05 4.107277106223002479e-05
3.664132648964758605e-10 6.387903616172506578e-05 -8.071445464727221923e-07 -9.517409681788801917e-08 7.960426013453399235e-07 -7.012265481646062066e-05 3.143519695448905387e-05 3.366681668224193321e-05 9.662762094340565666e-06 -1.878515519089507795e-05 6.211450483999814612e-06 2.114696758090971917e-05 -1.032029121625753402e-05 -1.444200395571969850e-05
1.338358803527431432e-09 6.823655972965691281e-05 -4.172145592081202129e-06 -4.458971951675894705e-07 -6.452542416901565322e-07 -7.066029439287661732e-05 3.366681668224193321e-05 2.180328220059829340e-03 -2.752511460847731090e-03 -3.309914034513092426e-04 6.620763720302759111e-05 2.365890563245901575e-03 -5.969807272115307869e-04 -3.678636199998133825e-04
-7.036591553383995963e-09 3.667898551330959404e-05 -4.452954951199193320e-05 5.723097053720230737e-07 -2.140822321116292836e-06 -2.667397725188664173e-04 9.662762094340565666e-06 -2.752511460847731090e-03 8.762862187822517690e-03 -9.371040587106024789e-04 1.668665177144143595e-04 -3.217053644632622989e-03 7.374786715868461009e-04 7.582673221057551231e-05
-9.693372296323776823e-09 -2.283697367501565440e-05 9.750891188342911449e-07 -7.337748710169046333e-08 7.314082506013639616e-06 -6.847493468660390784e-05 -1.878515519089507795e-05 -3.309914034513092426e-04 -9.371040587106024789e-04 4.486415846765901862e-03 -7.387253534397972580e-04 -6.202277013493125851e-03 1.450151391412309899e-03 1.417019117409055833e-04
1.610592824919407988e-09 8.636323198116308938e-06 9.857822752941367676e-07 -2.676034415384719958e-08 -1.508448957777522525e-06 6.806998202047013977e-06 6.211450483999814612e-06 6.620763720302759111e-05 1.668665177144143595e-04 -7.387253534397972580e-04 1.475956652408215344e-04 1.027528677804904209e-03 -2.889775130639264623e-04 -2.260106522198343941e-05
1.911360129449823506e-08 1.200341188187370721e-05 1.570306452698114189e-05 -1.936473925960762816e-07 -1.247181859507615713e-05 1.532610351213613536e-04 2.114696758090971917e-05 2.365890563245901575e-03 -3.217053644632622989e-03 -6.202277013493125851e-03 1.027528677804904209e-03 1.181952517749921237e-02 -2.780537127512013127e-03 -3.579909073556031209e-04
-4.980545169780216790e-09 -1.017529659679140803e-05 -6.282908252036260940e-06 1.129887348013673709e-07 3.944843347983958070e-06 -3.521928293784267275e-05 -1.032029121625753402e-05 -5.969807272115307869e-04 7.374786715868461009e-04 1.450151391412309899e-03 -2.889775130639264623e-04 -2.780537127512013127e-03 7.565884830932987498e-04 8.709398133852883127e-05
9.438471873480638122e-10 -3.278732459726104673e-05 6.470289397413385206e-06 5.541220562799030251e-08 -7.729823315482825365e-07 4.107277106223002479e-05 -1.444200395571969850e-05 -3.678636199998133825e-04 7.582673221057551231e-05 1.417019117409055833e-04 -2.260106522198343941e-05 -3.579909073556031209e-04 8.709398133852883127e-05 1.254262576439853986e-04
