# cosmomc_theta logA ns ombh2 omch2 Alens tau a_tSZ a_kSZ a_p beta_p a_c beta_c a_s
1.859595619239123415e-12 -4.912599871944985356e-10 2.198447338905449522e-09 3.905608150283721837e-12 -6.763960191339419131e-10 1.040444317915093488e-08 8.697797578805920806e-10 -5.134230723896507340e-09 2.202723104087868369e-08 1.434874742266290634e-08 -2.108855276459438014e-09 -3.708591433543831284e-08 8.804494868166711382e-09 -1.116985968609745239e-10
-4.912599871944985356e-10 2.091412052392279926e-04 -5.869944509212124052e-06 -2.599669675317745508e-08 3.122127058700291941e-06 -2.689358096281631630e-04 1.002377744907952773e-04 6.038974331382391105e-05 -3.001105620340987026e-04 4.255046589659765906e-05 -9.626486988675992315e-06 1.904415284238274831e-05 -8.281829894863790089e-07 1.582374533081818439e-06
2.198447338905449522e-09 -5.869944509212124052e-06 9.909233473094835196e-06 -4.879813019650561497e-08 -2.295269475751629707e-06 3.225432148100694225e-05 2.164300459798125101e-06 -1.844101331350356409e-05 6.029594055369258567e-05 5.128015546808011125e-05 -6.816360003141072004e-06 -1.081406895337206942e-04 2.274693994984632210e-05 -1.183831200164102991e-06
3.905608150283721837e-12 -2.599669675317745508e-08 -4.879813019650561497e-08 3.315991724571551435e-09 -1.585643513651738160e-08 2.806469483482277995e-07 -1.401220600722262297e-08 -3.640176982757080735e-07 -1.146468090166861284e-07 5.015297227959247948e-07 -8.787753452342768062e-08 -5.785739139011341909e-07 1.369087776066689887e-07 7.665118141582707948e-08
-6.763960191339419131e-10 3.122127058700291941e-06 -2.295269475751629707e-06 -1.585643513651738160e-08 1.113791755712487782e-06 -1.773848582817441459e-05 -3.316514660398195806e-08 6.151860235288259060e-06 -2.557666217463000919e-05 -1.280354547949590202e-05 1.414228344738435760e-06 2.608856195141260343e-05 -4.838494844401726405e-06 2.641960320100426368e-07
1.040444317915093488e-08 -2.689358096281631630e-04 3.225432148100694225e-05 2.806469483482277995e-07 -1.773848582817441459e-05 6.829632669570507306e-04 -1.102611925942410044e-04 -1.449725508046269457e-04 3.730969308609493641e-04 2.325680540239056561e-04 -3.204007947786429046e-05 -4.968436650116780625e-04 1.048272722668440574e-04 -2.043863289587876605e-06
8.697797578805920806e-10 1.002377744907952773e-04 2.164300459798125101e-06 -1.401220600722262793e-08 -3.316514660398195806e-08 -1.102611925942410044e-04 5.103572489241290912e-05 2.112117604656890717e-05 -1.119928701442697154e-04 4.873518609118095775e-05 -8.301033749344684115e-06 -4.457895558117965412e-05 1.046101739337919735e-05 -4.321794499529102748e-07
-5.134230723896507340e-09 6.038974331382391105e-05 -1.844101331350356409e-05 -3.640176982757080735e-07 6.151860235288259060e-06 -1.449725508046269457e-04 2.112117604656891056e-05 1.575196282285093582e-03 -2.567645607235212110e-03 -1.350929082926893116e-04 4.657165936122172810e-05 1.620501732891479812e-03 -4.058107766140052475e-04 -1.638159943012223465e-04
2.202723104087868369e-08 -3.001105620340987026e-04 6.029594055369258567e-05 -1.146468090166861284e-07 -2.557666217463000919e-05 3.730969308609493641e-04 -1.119928701442697154e-04 -2.567645607235212110e-03 9.591179450008415971e-03 -2.967373250295591365e-04 1.117410814194993398e-05 -3.865303784860814416e-03 9.578435941146745550e-04 -2.117321564281545939e-04
1.434874742266290634e-08 4.255046589659765906e-05 5.128015546808011125e-05 5.015297227959247948e-07 -1.280354547949590202e-05 2.325680540239056561e-04 4.873518609118095775e-05 -1.350929082926893116e-04 -2.967373250295591365e-04 4.580094265171428050e-03 -7.387595357344642431e-04 -6.579525380586049785e-03 1.474730125852884806e-03 -4.408287442852326497e-05
-2.108855276459438014e-09 -9.626486988675992315e-06 -6.816360003141072004e-06 -8.787753452342768062e-08 1.414228344738435760e-06 -3.204007947786429046e-05 -8.301033749344684115e-06 4.657165936122172810e-05 1.117410814194993398e-05 -7.387595357344642431e-04 1.566029712019584980e-04 1.079611283671581302e-03 -3.102422483060762910e-04 8.687946844085512593e-06
-3.708591433543831284e-08 1.904415284238274831e-05 -1.081406895337206942e-04 -5.785739139011341909e-07 2.608856195141260343e-05 -4.968436650116780625e-04 -4.457895558117965412e-05 1.620501732891479812e-03 -3.865303784860814416e-03 -6.579525380586049785e-03 1.079611283671581302e-03 1.246178568684225794e-02 -2.847696793082185249e-03 7.745917581364809596e-05
8.804494868166711382e-09 -8.281829894863790089e-07 2.274693994984632210e-05 1.369087776066689887e-07 -4.838494844401726405e-06 1.048272722668440574e-04 1.046101739337919735e-05 -4.058107766140052475e-04 9.578435941146745550e-04 1.474730125852884806e-03 -3.102422483060762910e-04 -2.847696793082185249e-03 7.859143165297543089e-04 -2.201759348618591208e-05
-1.116985968609745239e-10 1.582374533081818439e-06 -1.183831200164102991e-06 7.665118141582707948e-08 2.641960320100426368e-07 -2.043863289587876605e-06 -4.321794499529102748e-07 -1.638159943012223465e-04 -2.117321564281545939e-04 -4.408287442852326497e-05 8.687946844085512593e-06 7.745917581364809596e-05 -2.201759348618591208e-05 1.004341368418880349e-04
