# cosmomc_theta logA ns ombh2 omch2 Alens tau a_tSZ a_kSZ a_p beta_p a_c beta_c a_s
2.047024487355070991e-12 -2.344889630214268690e-09 2.677135325704743282e-09 4.556095697177619245e-12 -8.598565574382533299e-10 1.102300331164548035e-08 1.209807834977401638e-10 5.293734556794881637e-09 9.471040415620939142e-09 -9.181366886427095200e-09 1.429536530483356227e-09 1.575716389437522581e-08 -3.384946897781094856e-09 -1.735110170683099347e-09
-2.344889630214268690e-09 2.034318955098552459e-04 -7.363704911983304490e-06 -1.846756526425818655e-08 2.555498508500501201e-06 -2.227196639965963332e-04 9.776114628556756368e-05 -6.150316579138129887e-05 -2.151152554211354509e-05 6.795860069298068345e-05 -1.147224537197641255e-05 -1.478785922450251802e-04 3.415426178022006504e-05 1.294131018587403474e-05
2.677135325704743282e-09 -7.363704911983304490e-06 1.120424990415765993e-05 -4.464069160377158308e-08 -2.814679703097439372e-06 3.225763718768477660e-05 1.873040892178379847e-06 1.158004935676720431e-05 1.025799563085002288e-06 9.632342143611914618e-08 -2.855790812107894380e-07 1.471054969270097425e-05 -2.557452382883204145e-06 -3.310854468220446187e-06
4.556095697177619245e-12 -1.846756526425818655e-08 -4.464069160377158308e-08 4.034344752863161420e-09 -1.936217364424036939e-08 3.465172910465506828e-07 -4.167764091139814259e-09 -1.932677234471684210e-07 -4.216934897966650495e-07 4.663186219128335733e-07 -8.512248800663583763e-08 -8.447083806419525573e-07 2.184848866579713262e-07 8.564881012925594446e-08
-8.598565574382533299e-10 2.555498508500501201e-06 -2.814679703097439372e-06 -1.936217364424036939e-08 1.274596127070903935e-06 -1.637917023095901539e-05 -5.376058260061527488e-07 -4.954957873262510718e-06 -9.474959031546103378e-06 7.256908031902270448e-06 -1.307137934259787454e-06 -1.123525866243476676e-05 2.606474312319647302e-06 1.376528798414624678e-06
1.102300331164548035e-08 -2.227196639965963332e-04 3.225763718768477660e-05 3.465172910465506828e-07 -1.637917023095901539e-05 5.718217495782487812e-04 -8.793554948564732217e-05 6.645683967991777548e-05 -1.391328629996709746e-04 2.453449354601341064e-05 1.093620020064517429e-06 3.018883744144520929e-05 -1.398546217033207754e-05 -1.051839695789301565e-05
1.209807834977401121e-10 9.776114628556756368e-05 1.873040892178379423e-06 -4.167764091139814259e-09 -5.376058260061527488e-07 -8.793554948564730861e-05 5.018758681530826547e-05 -2.211722816099332851e-05 -5.912372364070374509e-06 2.987437116813676557e-05 -4.927422429114978347e-06 -6.264624749554006315e-05 1.444560886041579130e-05 4.219419340145365314e-06
5.293734556794881637e-09 -6.150316579138129887e-05 1.158004935676720431e-05 -1.932677234471684210e-07 -4.954957873262510718e-06 6.645683967991777548e-05 -2.211722816099332851e-05 2.262085676252558776e-03 -3.085952995037186206e-03 -3.344453817688117139e-04 8.889870575976726620e-05 2.286204197360133458e-03 -5.944627847247400780e-04 -3.270666334922059468e-04
9.471040415620939142e-09 -2.151152554211354509e-05 1.025799563085002288e-06 -4.216934897966650495e-07 -9.474959031546103378e-06 -1.391328629996709746e-04 -5.912372364070374509e-06 -3.085952995037186206e-03 1.042621773857244256e-02 -7.943764750113418505e-04 1.041362775968984646e-04 -3.683983339116906914e-03 8.948087508795756146e-04 -4.732704638647867242e-05
-9.181366886427095200e-09 6.795860069298068345e-05 9.632342143611914618e-08 4.663186219128335733e-07 7.256908031902270448e-06 2.453449354601341064e-05 2.987437116813676557e-05 -3.344453817688117139e-04 -7.943764750113418505e-04 5.784872135891228756e-03 -9.844108326208483688e-04 -8.384526040789229417e-03 1.973311759295781360e-03 3.269803720129922192e-05
1.429536530483356227e-09 -1.147224537197641255e-05 -2.855790812107894380e-07 -8.512248800663583763e-08 -1.307137934259787454e-06 1.093620020064518064e-06 -4.927422429114978347e-06 8.889870575976726620e-05 1.041362775968984646e-04 -9.844108326208483688e-04 1.990482121239519578e-04 1.424520472317906223e-03 -3.920286483527241506e-04 -9.645464766398825150e-06
1.575716389437522581e-08 -1.478785922450251802e-04 1.471054969270097425e-05 -8.447083806419525573e-07 -1.123525866243476676e-05 3.018883744144520929e-05 -6.264624749554006315e-05 2.286204197360133458e-03 -3.683983339116906914e-03 -8.384526040789229417e-03 1.424520472317906223e-03 1.543079189259162487e-02 -3.614166111691335687e-03 -1.353242972450882241e-04
-3.384946897781094856e-09 3.415426178022006504e-05 -2.557452382883204145e-06 2.184848866579713262e-07 2.606474312319647302e-06 -1.398546217033207754e-05 1.444560886041579130e-05 -5.944627847247400780e-04 8.948087508795756146e-04 1.973311759295781360e-03 -3.920286483527241506e-04 -3.614166111691335687e-03 9.596819575997583753e-04 4.267694995530666710e-05
-1.735110170683099347e-09 1.294131018587403474e-05 -3.310854468220446187e-06 8.564881012925594446e-08 1.376528798414624678e-06 -1.051839695789301565e-05 4.219419340145365314e-06 -3.270666334922059468e-04 -4.732704638647867242e-05 3.269803720129922192e-05 -9.645464766398825150e-06 -1.353242972450882241e-04 4.267694995530666710e-05 1.256757085809495091e-04
