# cosmomc_theta logA ns ombh2 omch2 Alens tau a_tSZ a_kSZ a_p beta_p a_c beta_c a_s
1.357816598056694268e-12 -3.877313764056183038e-09 1.813221916989068921e-09 1.147463989463320211e-11 -6.327878245369602919e-10 1.301191573084717862e-08 -1.033348621745736361e-09 6.186628132003981840e-09 -5.283513865530219297e-09 7.932334962640662660e-09 -2.492497220503816943e-09 -6.668020818688703899e-09 4.070895197061101104e-09 -1.006044430580934381e-09
-3.877313764056183038e-09 3.195565577202627420e-04 -3.148252731671321116e-05 -1.370532540964489133e-07 1.141966429362853156e-05 -5.825893292685806104e-04 1.398664701009228080e-04 1.017235923301442450e-04 2.626968721214393632e-05 -9.619142687339981548e-05 2.900120153515385634e-05 1.041234812631473003e-04 -4.887189577182743475e-05 -3.382757540710628713e-05
1.813221916989068921e-09 -3.148252731671321116e-05 1.425401264962058955e-05 9.505097834132457273e-10 -4.389044574086754750e-06 9.175985154866154081e-05 -7.898221929201156206e-06 -1.868023973132369419e-05 -1.481966386496436052e-05 3.076725640509829680e-05 -1.051935547318370723e-05 -2.630537168413532277e-05 1.538522199335219391e-05 6.144254362940649595e-06
1.147463989463320211e-11 -1.370532540964489133e-07 9.505097834132457273e-10 3.584056237537563479e-09 -3.326909066238691215e-08 6.704747698182743085e-07 -4.191433262663094495e-08 -6.025517693403999003e-07 1.144217713261693000e-07 6.981901041404917836e-07 -1.652214518997745546e-07 -1.205025202609893418e-06 3.886113111539522894e-07 1.138632454110934324e-07
-6.327878245369602919e-10 1.141966429362853156e-05 -4.389044574086754750e-06 -3.326909066238691215e-08 2.076499715677446645e-06 -3.968334525267054120e-05 2.827036240783070056e-06 8.987785221261469982e-06 -1.054242007242207655e-05 -1.102423014843346311e-05 3.978392964622420340e-06 1.480985593940767930e-05 -7.232863135181132516e-06 -1.449005132700706735e-06
1.301191573084717862e-08 -5.825893292685806104e-04 9.175985154866154081e-05 6.704747698182743085e-07 -3.968334525267054120e-05 1.455491308270462488e-03 -2.303558562525393166e-04 -3.671771389278641112e-04 -1.825262490277971563e-04 3.367610239710347214e-04 -9.706743800514388437e-05 -4.601328879068056210e-04 1.856717709325948534e-04 9.983717292609775736e-05
-1.033348621745736361e-09 1.398664701009228080e-04 -7.898221929201156206e-06 -4.191433262663094495e-08 2.827036240783070056e-06 -2.303558562525393166e-04 6.478821403808391840e-05 3.863688742605314125e-05 1.832838301224397210e-05 -3.194381973290971407e-05 8.538467474895045350e-06 3.379304711093782457e-05 -1.459244567402858961e-05 -1.421128201640281137e-05
6.186628132003981840e-09 1.017235923301442450e-04 -1.868023973132369419e-05 -6.025517693403999003e-07 8.987785221261469982e-06 -3.671771389278641112e-04 3.863688742605314125e-05 1.955398933732663790e-03 -2.174929074551857234e-03 -5.507139747499748385e-04 1.222957271180787943e-04 2.084926480278886940e-03 -5.484747645630839259e-04 -3.173528790766432591e-04
-5.283513865530219297e-09 2.626968721214393632e-05 -1.481966386496436052e-05 1.144217713261693000e-07 -1.054242007242207655e-05 -1.825262490277971563e-04 1.832838301224397210e-05 -2.174929074551857234e-03 1.006549049082068083e-02 -5.873878481053966538e-04 5.577152434936707244e-05 -3.484316959550371774e-03 8.664422143247773635e-04 -3.537275692083171144e-04
7.932334962640662660e-09 -9.619142687339981548e-05 3.076725640509829680e-05 6.981901041404917836e-07 -1.102423014843346311e-05 3.367610239710347214e-04 -3.194381973290971407e-05 -5.507139747499748385e-04 -5.873878481053966538e-04 5.553064656786939855e-03 -8.875083488169845884e-04 -7.859515684604707203e-03 1.879949286066298370e-03 4.624134902203761664e-05
-2.492497220503816943e-09 2.900120153515385634e-05 -1.051935547318370723e-05 -1.652214518997745546e-07 3.978392964622420340e-06 -9.706743800514388437e-05 8.538467474895045350e-06 1.222957271180787943e-04 5.577152434936707244e-05 -8.875083488169845884e-04 1.717250230586364211e-04 1.256321005865411802e-03 -3.543072065220427883e-04 -1.262047207952547442e-05
-6.668020818688703899e-09 1.041234812631473003e-04 -2.630537168413532277e-05 -1.205025202609893418e-06 1.480985593940767930e-05 -4.601328879068056210e-04 3.379304711093781779e-05 2.084926480278886940e-03 -3.484316959550371774e-03 -7.859515684604707203e-03 1.256321005865411802e-03 1.395677563029108434e-02 -3.328060128866174548e-03 -3.480226150770345059e-06
4.070895197061101104e-09 -4.887189577182743475e-05 1.538522199335219391e-05 3.886113111539522894e-07 -7.232863135181132516e-06 1.856717709325948534e-04 -1.459244567402858961e-05 -5.484747645630839259e-04 8.664422143247773635e-04 1.879949286066298370e-03 -3.543072065220427883e-04 -3.328060128866174548e-03 9.025024769739496081e-04 9.615589640747180047e-06
-1.006044430580934381e-09 -3.382757540710628713e-05 6.144254362940649595e-06 1.138632454110934324e-07 -1.449005132700706735e-06 9.983717292609775736e-05 -1.421128201640281476e-05 -3.173528790766432591e-04 -3.537275692083171144e-04 4.624134902203761664e-05 -1.262047207952547442e-05 -3.480226150770345059e-06 9.615589640747180047e-06 1.549079318240327021e-04
