# cosmomc_theta logA ns ombh2 omch2 Alens tau a_tSZ a_kSZ a_p beta_p a_c beta_c a_s
1.533583543918827483e-12 -9.688547447954020476e-09 2.199238233610931358e-09 3.378313522818180339e-11 -9.944386417354018380e-10 2.393178750937899953e-08 -3.490826870352517437e-09 3.458135980102452206e-09 -3.259513274123367487e-09 -6.263651177417202011e-09 3.535262015121318581e-10 1.598704291709160445e-08 -2.936342717652139166e-09 -9.377034295349170345e-10
-9.688547447954020476e-09 3.697729154481648470e-04 -4.694035488686467452e-05 -2.810171545291718269e-07 1.711770335511752161e-05 -5.677861434156716196e-04 1.565211808632504165e-04 -6.066291203310298036e-05 -1.113862011379082974e-04 3.902686046289280180e-04 -5.584741711521388547e-05 -6.444395155495837241e-04 1.500332343345033178e-04 1.870769218199381270e-05
2.199238233610931358e-09 -4.694035488686467452e-05 1.449415330300923243e-05 4.028241375749043976e-08 -4.899756660596594941e-06 1.073218045772686175e-04 -1.482582216108401447e-05 -1.300744457572326173e-05 4.109831499538533762e-05 -2.739393763295122110e-05 -7.743028909918123116e-07 4.259194870234320532e-05 -2.761546227969316368e-06 -1.378506437505653860e-06
3.378313522818180339e-11 -2.810171545291718269e-07 4.028241375749043976e-08 3.354883235407285057e-09 -4.139990408664639755e-08 7.276551494955395505e-07 -9.502388589035789915e-08 -1.844918355646027073e-08 3.177300139652671739e-07 -5.491858451873174174e-08 1.583850654419212449e-08 2.706232470961193087e-09 -5.981171595496467297e-09 5.850365983130800670e-09
-9.944386417354018380e-10 1.711770335511752161e-05 -4.899756660596594941e-06 -4.139990408664639755e-08 2.209515369743381457e-06 -4.307051644978248842e-05 5.251655931948355412e-06 1.232009790942694265e-06 -2.708279449324200108e-05 2.033597025065751108e-05 -1.786231445384215391e-06 -3.014968456770053263e-05 5.158850315715723504e-06 1.612109293261728235e-06
2.393178750937899953e-08 -5.677861434156716196e-04 1.073218045772686175e-04 7.276551494955395505e-07 -4.307051644978248842e-05 1.223165415105886529e-03 -2.150070033229513941e-04 2.737221578251566193e-06 4.676391138382456872e-05 -6.252543754707823960e-04 8.130731272410506082e-05 1.111020339885225756e-03 -2.435211018559349158e-04 -8.105434486736844431e-06
-3.490826870352517851e-09 1.565211808632504165e-04 -1.482582216108401447e-05 -9.502388589035789915e-08 5.251655931948355412e-06 -2.150070033229513941e-04 6.968128112698888823e-05 -3.400598668753499094e-05 -1.869057671639396271e-05 1.695790235580443741e-04 -2.658900445137265980e-05 -2.859457305833775008e-04 7.038899750827592148e-05 6.991612932550735751e-06
3.458135980102452206e-09 -6.066291203310298036e-05 -1.300744457572326173e-05 -1.844918355646027073e-08 1.232009790942694265e-06 2.737221578251566193e-06 -3.400598668753499094e-05 2.107665861922949566e-03 -2.939336049710176806e-03 -4.597862652569046493e-05 -8.261243807763958474e-06 1.645836731810289147e-03 -3.857181913376237056e-04 -3.033972767525334969e-04
-3.259513274123367487e-09 -1.113862011379082974e-04 4.109831499538533762e-05 3.177300139652671739e-07 -2.708279449324200108e-05 4.676391138382456872e-05 -1.869057671639396949e-05 -2.939336049710176806e-03 1.071236681016854604e-02 -1.341516736355293860e-03 2.279432939936723796e-04 -2.736009348246702926e-03 6.472356314950591721e-04 -1.520249442881967149e-04
-6.263651177417202011e-09 3.902686046289280180e-04 -2.739393763295122110e-05 -5.491858451873174174e-08 2.033597025065751108e-05 -6.252543754707823960e-04 1.695790235580443741e-04 -4.597862652569046493e-05 -1.341516736355293860e-03 4.872182175300547591e-03 -7.688562695590263037e-04 -6.709029036189521032e-03 1.567453482150185781e-03 -1.217423646743134188e-05
3.535262015121318581e-10 -5.584741711521388547e-05 -7.743028909918123116e-07 1.583850654419212449e-08 -1.786231445384215391e-06 8.130731272410506082e-05 -2.658900445137265980e-05 -8.261243807763958474e-06 2.279432939936723796e-04 -7.688562695590263037e-04 1.516992725344457342e-04 1.025330800540198662e-03 -2.937687813968128925e-04 5.140773667047181703e-06
1.598704291709160445e-08 -6.444395155495837241e-04 4.259194870234320532e-05 2.706232470961193087e-09 -3.014968456770053263e-05 1.111020339885225756e-03 -2.859457305833775550e-04 1.645836731810289147e-03 -2.736009348246702926e-03 -6.709029036189521032e-03 1.025330800540198662e-03 1.218447510195610865e-02 -2.818627919469219277e-03 6.256174336401497425e-06
-2.936342717652139166e-09 1.500332343345033178e-04 -2.761546227969316368e-06 -5.981171595496467297e-09 5.158850315715723504e-06 -2.435211018559349158e-04 7.038899750827592148e-05 -3.857181913376237056e-04 6.472356314950591721e-04 1.567453482150185781e-03 -2.937687813968128925e-04 -2.818627919469219277e-03 7.595356654141679782e-04 -1.505816527602418059e-06
-9.377034295349170345e-10 1.870769218199381270e-05 -1.378506437505653860e-06 5.850365983130800670e-09 1.612109293261728235e-06 -8.105434486736844431e-06 6.991612932550735751e-06 -3.033972767525334969e-04 -1.520249442881967149e-04 -1.217423646743134188e-05 5.140773667047181703e-06 6.256174336401497425e-06 -1.505816527602418059e-06 1.298300733974805800e-04
