# cosmomc_theta logA ns ombh2 omch2 Alens tau a_tSZ a_kSZ a_p beta_p a_c beta_c a_s
2.119043873329564936e-12 -1.294350611770566463e-09 2.440207101211209241e-09 1.520731263735171663e-11 -9.350435046219291495e-10 1.427145398004596179e-08 6.408915744120657998e-10 3.455323555201850507e-09 -7.822912062593548608e-10 -4.349287837410659029e-09 7.987978397713096514e-10 7.027970512522347977e-09 -1.804568218763100737e-09 -3.671456986746594595e-11
-1.294350611770566463e-09 1.954445059936531671e-04 -7.757941428972518988e-06 -1.080119857176220689e-08 2.880531187372082030e-06 -2.315925105541274595e-04 9.277948892043733965e-05 -1.442498010351487013e-05 -5.965965827274794208e-05 7.530142996424100739e-06 -8.709135571252058945e-06 -1.188670971921959609e-05 1.886388097500098346e-05 -1.169377958475816586e-06
2.440207101211209241e-09 -7.757941428972518988e-06 1.080541131222990367e-05 -4.087866848946374411e-08 -2.804221190002811066e-06 3.879934282520068107e-05 1.524432736463211321e-06 -1.723595277945743383e-07 5.051970248832347666e-06 2.133567155574999936e-05 -4.011661753909868945e-06 -3.537603920713695529e-05 9.668783723196775924e-06 2.133957924238767807e-07
1.520731263735171663e-11 -1.080119857176220689e-08 -4.087866848946374411e-08 4.544578743771785817e-09 -2.742950988996604677e-08 4.268176199709425368e-07 6.572952266216036348e-09 -2.904021507189058966e-07 -4.505252982473774958e-07 6.132806355258962578e-07 -1.128524326451366645e-07 -7.744024424147337116e-07 2.156459094702823388e-07 1.154136788367454015e-07
-9.350435046219291495e-10 2.880531187372082030e-06 -2.804221190002811066e-06 -2.742950988996604677e-08 1.445453778839359897e-06 -2.098319971726360326e-05 -4.692669368986126169e-07 -1.552129779723462548e-06 -8.866335304570387203e-06 -2.887717918346528264e-06 3.717349195332410790e-07 5.967052630207146477e-06 -1.401047993478627760e-06 2.760027170486615058e-07
1.427145398004596179e-08 -2.315925105541274595e-04 3.879934282520068107e-05 4.268176199709425368e-07 -2.098319971726360326e-05 6.927166204823602749e-04 -8.743250424121896882e-05 -4.243327554602144345e-05 -1.437471849641735935e-04 2.244847753540287307e-04 -2.624804074687575614e-05 -2.997673818051240207e-04 5.507878866926936719e-05 2.160803044333203612e-05
6.408915744120657998e-10 9.277948892043733965e-05 1.524432736463211321e-06 6.572952266216036348e-09 -4.692669368986126169e-07 -8.743250424121896882e-05 4.719746997536597926e-05 -5.486277941861038443e-06 -2.041832369454843986e-05 1.134972546298706293e-05 -5.772886318006698287e-06 -1.979443183241696300e-05 1.318418984817196922e-05 -1.041128952326451861e-06
3.455323555201850507e-09 -1.442498010351487013e-05 -1.723595277945743383e-07 -2.904021507189058966e-07 -1.552129779723462548e-06 -4.243327554602144345e-05 -5.486277941861040985e-06 1.918968858775023812e-03 -2.279040367131371717e-03 -2.264425978399865660e-04 8.415801281609870340e-05 1.699456794433801526e-03 -5.114283463619775883e-04 -3.012539846264294593e-04
-7.822912062593548608e-10 -5.965965827274794208e-05 5.051970248832347666e-06 -4.505252982473774958e-07 -8.866335304570387203e-06 -1.437471849641735935e-04 -2.041832369454843986e-05 -2.279040367131371717e-03 9.105537634798812827e-03 -1.294771235529797821e-03 1.505388418929698359e-04 -2.229512184799048360e-03 6.608040134350057909e-04 -1.524161786834485159e-04
-4.349287837410659029e-09 7.530142996424100739e-06 2.133567155574999936e-05 6.132806355258962578e-07 -2.887717918346528264e-06 2.244847753540287307e-04 1.134972546298706123e-05 -2.264425978399865660e-04 -1.294771235529797821e-03 5.569870137623385113e-03 -9.327154439637308806e-04 -7.533434980375378412e-03 1.892743812530859335e-03 1.365517433211212323e-05
7.987978397713096514e-10 -8.709135571252058945e-06 -4.011661753909868945e-06 -1.128524326451366645e-07 3.717349195332410790e-07 -2.624804074687575614e-05 -5.772886318006698287e-06 8.415801281609870340e-05 1.505388418929698359e-04 -9.327154439637308806e-04 1.926843790247913300e-04 1.262506276196484565e-03 -3.852838267567091995e-04 -6.695893950824447655e-06
7.027970512522347977e-09 -1.188670971921959609e-05 -3.537603920713695529e-05 -7.744024424147337116e-07 5.967052630207146477e-06 -2.997673818051240207e-04 -1.979443183241696300e-05 1.699456794433801526e-03 -2.229512184799048360e-03 -7.533434980375378412e-03 1.262506276196484565e-03 1.294083451961879072e-02 -3.241084112936924548e-03 -4.326468108915464329e-05
-1.804568218763100737e-09 1.886388097500098346e-05 9.668783723196775924e-06 2.156459094702823388e-07 -1.401047993478627760e-06 5.507878866926936719e-05 1.318418984817196922e-05 -5.114283463619775883e-04 6.608040134350057909e-04 1.892743812530859335e-03 -3.852838267567091995e-04 -3.241084112936924548e-03 9.503713042164638539e-04 2.099010714425652782e-05
-3.671456986746594595e-11 -1.169377958475816586e-06 2.133957924238767807e-07 1.154136788367454015e-07 2.760027170486615058e-07 2.160803044333203612e-05 -1.041128952326452284e-06 -3.012539846264294593e-04 -1.524161786834485159e-04 1.365517433211212323e-05 -6.695893950824447655e-06 -4.326468108915464329e-05 2.099010714425652782e-05 1.246323438447622962e-04
