# cosmomc_theta logA ns ombh2 omch2 Alens tau a_tSZ a_kSZ a_p beta_p a_c beta_c a_s
1.695999650063292083e-12 -3.134956688718506191e-09 1.577729014406975758e-09 2.411668365792881442e-12 -6.376603900335582300e-10 1.433469991493524982e-08 -7.136686702540277322e-10 -2.414317025946334197e-09 2.556492036608855162e-08 1.198954216252442996e-08 -2.272166991692338798e-09 -2.943124627383136185e-08 7.102466474214987291e-09 -1.138257784113202117e-09
-3.134956688718506191e-09 1.751930924632914193e-04 -1.110475340887638893e-05 -4.427343673773437220e-09 3.907536497380922582e-06 -2.142301153523401341e-04 7.943535729005568309e-05 -2.653215881220780253e-05 -2.793364760444719188e-05 2.823577995581706560e-04 -4.921805304562436621e-05 -5.040800185811849425e-04 1.194575695872401443e-04 -3.355718705252307288e-06
1.577729014406975758e-09 -1.110475340887638893e-05 6.670271330821859425e-06 -6.543341677460451116e-08 -1.526815182562968116e-06 2.451375569172314689e-05 -2.190084791240973670e-06 1.064579582241607029e-06 1.628998232118228872e-05 -4.006362855794654210e-05 4.450834006951103358e-06 5.951306178409318607e-05 -1.118649252523226094e-05 5.640209346585460314e-07
2.411668365792881442e-12 -4.427343673773437220e-09 -6.543341677460451116e-08 3.695033460756697292e-09 -9.874938878824304824e-09 2.170317583939386156e-07 -1.409854753768946957e-08 -6.463535631588453012e-08 -6.497409587287933163e-07 8.881308392312518253e-07 -1.070918378665319845e-07 -1.216115273122261707e-06 1.969848836290150964e-07 3.409844269385245904e-08
-6.376603900335582300e-10 3.907536497380922582e-06 -1.526815182562968116e-06 -9.874938878824304824e-09 8.223465869282150785e-07 -1.321606836034729873e-05 8.658124506138790705e-07 -4.132069668843750994e-06 -6.885656105845004201e-07 3.773961605205593265e-06 -1.398002787970855555e-07 -9.165870780763136957e-06 1.679475431346144564e-06 2.210872455209687144e-07
1.433469991493524982e-08 -2.142301153523401341e-04 2.451375569172314689e-05 2.170317583939386156e-07 -1.321606836034729873e-05 5.475536147594242415e-04 -8.707375358240697740e-05 1.700596919092948456e-05 -1.169414683938697284e-04 -9.517396552577842060e-05 9.506267866842317565e-06 2.461651528877766698e-04 -5.398913657217006433e-05 -1.051387268656271242e-05
-7.136686702540277322e-10 7.943535729005568309e-05 -2.190084791240973670e-06 -1.409854753768946957e-08 8.658124506138790705e-07 -8.707375358240697740e-05 3.773183097856049322e-05 -7.216006913480648012e-06 -8.165819801357113286e-06 1.249949058553832338e-04 -2.289935049485327629e-05 -2.244197877586339123e-04 5.411918568211579586e-05 -2.608007741638812214e-06
-2.414317025946334197e-09 -2.653215881220780253e-05 1.064579582241607029e-06 -6.463535631588453012e-08 -4.132069668843750994e-06 1.700596919092948456e-05 -7.216006913480648012e-06 1.845248518462437983e-03 -2.485790025420523200e-03 5.044102999053395528e-04 -2.645233452280668925e-05 5.850832131110435914e-04 -2.596759147140662201e-04 -2.373837725270864097e-04
2.556492036608855162e-08 -2.793364760444718510e-05 1.628998232118228872e-05 -6.497409587287933163e-07 -6.885656105845004201e-07 -1.169414683938697284e-04 -8.165819801357113286e-06 -2.485790025420523200e-03 8.642215433610942257e-03 -1.197255809035544438e-03 8.311980267111214124e-05 -2.087620053880944945e-03 7.373944254704672832e-04 -1.049675978747437177e-04
1.198954216252442996e-08 2.823577995581706560e-04 -4.006362855794654210e-05 8.881308392312518253e-07 3.773961605205593265e-06 -9.517396552577842060e-05 1.249949058553832338e-04 5.044102999053395528e-04 -1.197255809035544438e-03 3.835324266721971097e-03 -5.884489970737090663e-04 -5.106479668336119659e-03 1.066485609197705782e-03 -4.651429975653336552e-05
-2.272166991692338798e-09 -4.921805304562436621e-05 4.450834006951103358e-06 -1.070918378665319845e-07 -1.398002787970855555e-07 9.506267866842317565e-06 -2.289935049485327629e-05 -2.645233452280668925e-05 8.311980267111214124e-05 -5.884489970737090663e-04 1.207479223692249583e-04 8.212258329258095672e-04 -2.236058988241466331e-04 2.871628555005690465e-06
-2.943124627383136185e-08 -5.040800185811849425e-04 5.951306178409318607e-05 -1.216115273122261707e-06 -9.165870780763136957e-06 2.461651528877766698e-04 -2.244197877586339123e-04 5.850832131110435914e-04 -2.087620053880944945e-03 -5.106479668336119659e-03 8.212258329258095672e-04 9.321897207617614936e-03 -2.088310549470622987e-03 8.951040234016934796e-05
7.102466474214987291e-09 1.194575695872401443e-04 -1.118649252523226094e-05 1.969848836290150964e-07 1.679475431346144564e-06 -5.398913657217006433e-05 5.411918568211579586e-05 -2.596759147140662201e-04 7.373944254704672832e-04 1.066485609197705782e-03 -2.236058988241466331e-04 -2.088310549470622987e-03 5.657128093849580434e-04 -1.047312893068570563e-05
-1.138257784113202117e-09 -3.355718705252307288e-06 5.640209346585460314e-07 3.409844269385245904e-08 2.210872455209687144e-07 -1.051387268656271242e-05 -2.608007741638812214e-06 -2.373837725270864097e-04 -1.049675978747437177e-04 -4.651429975653336552e-05 2.871628555005690465e-06 8.951040234016934796e-05 -1.047312893068570563e-05 1.033376295222177915e-04
