# cosmomc_theta logA ns ombh2 omch2 Alens tau a_tSZ a_kSZ a_p beta_p a_c beta_c a_s
1.907897598100099628e-12 -2.766981534598972712e-09 2.153810913588458959e-09 1.473011988668745073e-11 -7.747706543909434257e-10 1.268965693704463485e-08 -2.762705310769328076e-10 -1.807273342363319215e-09 6.736697206814612134e-09 5.155293032777308479e-09 -1.077088386833057251e-09 -9.624444528398586218e-09 2.605187930681501552e-09 2.760517087014642779e-10
-2.766981534598972712e-09 2.263391110217027522e-04 -1.227016780773564945e-05 -2.817516587764498812e-08 4.794187131088674813e-06 -2.622930864476214451e-04 1.054977286521435287e-04 1.659607137979459044e-05 -1.607783605458267939e-04 -3.418942551874951618e-05 1.099745556901389921e-05 6.112136858447446484e-05 -2.191014922852401687e-05 1.097769678317617081e-05
2.153810913588458959e-09 -1.227016780773564945e-05 1.017842159028915291e-05 -2.450528968633816731e-08 -2.489656421952846693e-06 3.634446520788123995e-05 -1.041028623269135223e-06 -1.046780673071861304e-05 1.336580626173253501e-05 3.203029041070996219e-05 -6.136369347697903588e-06 -5.077524104134760176e-05 1.341891403149661980e-05 4.381268297841602374e-07
1.473011988668745073e-11 -2.817516587764498812e-08 -2.450528968633816731e-08 3.609041468710781022e-09 -2.247608920502115924e-08 3.644843963296270044e-07 -1.260786365361141871e-09 -2.788006880185368820e-07 3.087811422511442792e-08 3.687557916624281577e-07 -6.186632236331938688e-08 -7.371496000020239172e-07 1.736335626879556641e-07 6.876091367910487184e-08
-7.747706543909434257e-10 4.794187131088674813e-06 -2.489656421952846693e-06 -2.247608920502115924e-08 1.184389033650616561e-06 -1.842789676450398535e-05 7.248576997922081158e-07 -2.649287131537913987e-07 -1.206819365617448433e-05 -3.858880975628600658e-06 7.875650617423785140e-07 7.573627475800411018e-06 -2.214179416182914003e-06 8.075241093992256832e-07
1.268965693704463485e-08 -2.622930864476214451e-04 3.634446520788123995e-05 3.644843963296270044e-07 -1.842789676450398535e-05 6.354801619607852855e-04 -1.046863614378416857e-04 -6.306670812535026356e-05 3.285022837233450365e-05 2.086517234421240692e-04 -3.804428630692319413e-05 -3.447455900110788733e-04 9.030607359428338991e-05 -2.743777359121635649e-06
-2.762705310769328076e-10 1.054977286521435016e-04 -1.041028623269135223e-06 -1.260786365361142698e-09 7.248576997922082217e-07 -1.046863614378416721e-04 5.198128598263263115e-05 6.209900373321060232e-06 -6.481230380846365879e-05 -7.346814795625133288e-06 3.555297606184842571e-06 1.256035552063168547e-05 -6.004958521294176965e-06 4.578590933285917370e-06
-1.807273342363319215e-09 1.659607137979459044e-05 -1.046780673071861304e-05 -2.788006880185368820e-07 -2.649287131537913987e-07 -6.306670812535026356e-05 6.209900373321060232e-06 2.262135044181021442e-03 -3.556407864017588089e-03 -2.566052317019791367e-04 6.516977979875827962e-05 2.415996637478945615e-03 -6.234484312214737560e-04 -2.790383422165966477e-04
6.736697206814612134e-09 -1.607783605458267939e-04 1.336580626173253501e-05 3.087811422511442792e-08 -1.206819365617448433e-05 3.285022837233447654e-05 -6.481230380846365879e-05 -3.556407864017588089e-03 1.229921500388518434e-02 -8.572609100140158450e-04 9.798821925064281238e-05 -4.460558138183041282e-03 1.151230626768059593e-03 -1.207618864810355147e-04
5.155293032777308479e-09 -3.418942551874951618e-05 3.203029041070996219e-05 3.687557916624281577e-07 -3.858880975628600658e-06 2.086517234421240692e-04 -7.346814795625133288e-06 -2.566052317019791367e-04 -8.572609100140158450e-04 6.055280438640249681e-03 -9.909589221718036623e-04 -8.425004367542955966e-03 1.916015207205666116e-03 3.597186217904648473e-05
-1.077088386833057251e-09 1.099745556901389921e-05 -6.136369347697903588e-06 -6.186632236331938688e-08 7.875650617423785140e-07 -3.804428630692319413e-05 3.555297606184842571e-06 6.516977979875827962e-05 9.798821925064281238e-05 -9.909589221718036623e-04 1.944215381818984476e-04 1.385691266473721654e-03 -3.721685216638369429e-04 -6.357764378384415409e-06
-9.624444528398586218e-09 6.112136858447446484e-05 -5.077524104134760176e-05 -7.371496000020239172e-07 7.573627475800411018e-06 -3.447455900110788733e-04 1.256035552063168886e-05 2.415996637478945615e-03 -4.460558138183041282e-03 -8.425004367542955966e-03 1.385691266473721654e-03 1.545055628416660241e-02 -3.567620543398875889e-03 -1.132821892143866894e-04
2.605187930681501552e-09 -2.191014922852401687e-05 1.341891403149661980e-05 1.736335626879556641e-07 -2.214179416182914003e-06 9.030607359428338991e-05 -6.004958521294176965e-06 -6.234484312214737560e-04 1.151230626768059593e-03 1.916015207205666116e-03 -3.721685216638369429e-04 -3.567620543398875889e-03 9.364194967490223082e-04 3.093262203121819492e-05
2.760517087014642779e-10 1.097769678317617081e-05 4.381268297841602374e-07 6.876091367910487184e-08 8.075241093992256832e-07 -2.743777359121635649e-06 4.578590933285917370e-06 -2.790383422165966477e-04 -1.207618864810355147e-04 3.597186217904648473e-05 -6.357764378384415409e-06 -1.132821892143866894e-04 3.093262203121819492e-05 1.156562095377372236e-04
