# cosmomc_theta logA ns ombh2 omch2 Alens tau a_tSZ a_kSZ a_p beta_p a_c beta_c a_s
2.639528820837654108e-12 -3.886036447145641304e-09 3.385039778176503479e-09 8.508797805360223059e-12 -1.136436996547935558e-09 1.864205424699580974e-08 -3.663159371522002070e-10 2.106320683837541033e-09 3.079178062637607402e-09 -2.187611137934900844e-08 3.667352756266165494e-09 2.950183768562175265e-08 -6.732865002349606316e-09 -9.746676491792657935e-10
-3.886036447145641304e-09 1.905784878287026488e-04 -1.211398025948363214e-05 1.982149088370516059e-07 -7.920508615030283580e-07 -1.485672326998098902e-04 9.186835049576036710e-05 5.270171277121705772e-06 8.279187662930289466e-05 8.285920788285463493e-05 -8.093926654050149474e-06 -1.937300857830107168e-04 3.758973178546564097e-05 -2.783550872214238435e-05
3.385039778176503479e-09 -1.211398025948363214e-05 1.101888214166561457e-05 -5.938712729921434738e-08 -2.346528628427676234e-06 3.812234110832207464e-05 -9.604541424888543100e-07 1.332609061476884273e-05 -4.604339639415395052e-05 -3.801008000459821912e-05 4.968094156785899510e-06 7.371077073269703532e-05 -1.501958703670913443e-05 3.137906556595158085e-06
8.508797805360223059e-12 1.982149088370516059e-07 -5.938712729921434738e-08 3.481356414076251754e-09 -1.202608982615687881e-08 -4.107715013421762408e-08 8.979058115411939366e-08 -3.346284022342161503e-07 2.383484188833403251e-08 -2.791743089591613039e-07 8.185330115175661830e-09 2.442249810592604520e-07 -6.444100771634571783e-09 3.983122921961860793e-08
-1.136436996547935558e-09 -7.920508615030283580e-07 -2.346528628427676234e-06 -1.202608982615687881e-08 1.072657997403992693e-06 -1.295122700349413234e-05 -1.803517559079551248e-06 -1.847609493969807752e-06 -4.359822595089198574e-06 1.191979323028860530e-05 -1.320143543366582045e-06 -1.562381526876861816e-05 2.802606364883421767e-06 1.993839399748764746e-07
1.864205424699580974e-08 -1.485672326998098902e-04 3.812234110832207464e-05 -4.107715013421762408e-08 -1.295122700349413234e-05 5.063780187024402406e-04 -5.290908786528461917e-05 -8.297578791839345077e-05 -2.162975190807186001e-04 -1.232382153102080458e-04 -2.210119402268402819e-06 1.531195121934897244e-04 5.908226710005937849e-06 3.417068868286742684e-05
-3.663159371522002070e-10 9.186835049576036710e-05 -9.604541424888543100e-07 8.979058115411939366e-08 -1.803517559079551248e-06 -5.290908786528461917e-05 4.697943956213639652e-05 7.598632957947368647e-06 2.936853677650378693e-05 1.774726165768515779e-05 -1.374069677280448282e-06 -5.828383948266687066e-05 1.161951586803624947e-05 -1.250106668004713218e-05
2.106320683837541033e-09 5.270171277121705772e-06 1.332609061476884273e-05 -3.346284022342161503e-07 -1.847609493969807752e-06 -8.297578791839345077e-05 7.598632957947372035e-06 1.966113316406848440e-03 -3.101888938323442944e-03 -6.547771894089962413e-04 1.183143584614274307e-04 2.768791781910804380e-03 -6.878826435027532655e-04 -1.955409077109178113e-04
3.079178062637607402e-09 8.279187662930289466e-05 -4.604339639415395052e-05 2.383484188833403251e-08 -4.359822595089198574e-06 -2.162975190807186001e-04 2.936853677650379710e-05 -3.101888938323442944e-03 1.126336257753389643e-02 1.866292676559085775e-07 8.172571110795083830e-05 -5.266455182909968169e-03 1.106179165815879576e-03 -2.154204431662592176e-04
-2.187611137934900844e-08 8.285920788285463493e-05 -3.801008000459821912e-05 -2.791743089591613039e-07 1.191979323028860530e-05 -1.232382153102080458e-04 1.774726165768516456e-05 -6.547771894089962413e-04 1.866292676559085775e-07 4.137005578425648547e-03 -6.882617323400653424e-04 -6.076140816481883679e-03 1.502626220531897610e-03 1.225277467160033353e-04
3.667352756266165494e-09 -8.093926654050149474e-06 4.968094156785899510e-06 8.185330115175661830e-09 -1.320143543366582045e-06 -2.210119402268402819e-06 -1.374069677280448282e-06 1.183143584614274307e-04 8.172571110795083830e-05 -6.882617323400653424e-04 1.527505971645788533e-04 9.702184300410539959e-04 -3.106664219726601255e-04 -2.395552382144455373e-05
2.950183768562175265e-08 -1.937300857830107168e-04 7.371077073269703532e-05 2.442249810592604520e-07 -1.562381526876861816e-05 1.531195121934897244e-04 -5.828383948266687743e-05 2.768791781910804380e-03 -5.266455182909968169e-03 -6.076140816481883679e-03 9.702184300410539959e-04 1.231901205940160761e-02 -2.938032134604929776e-03 -1.671154426494302818e-04
-6.732865002349606316e-09 3.758973178546564097e-05 -1.501958703670913443e-05 -6.444100771634571783e-09 2.802606364883421767e-06 5.908226710005937849e-06 1.161951586803624947e-05 -6.878826435027532655e-04 1.106179165815879576e-03 1.502626220531897610e-03 -3.106664219726601255e-04 -2.938032134604929776e-03 8.439160449063242125e-04 4.999534872633701712e-05
-9.746676491792657935e-10 -2.783550872214238435e-05 3.137906556595158085e-06 3.983122921961860793e-08 1.993839399748764746e-07 3.417068868286742684e-05 -1.250106668004713218e-05 -1.955409077109178113e-04 -2.154204431662592176e-04 1.225277467160033353e-04 -2.395552382144455373e-05 -1.671154426494302818e-04 4.999534872633701712e-05 1.009943115787001260e-04
