# cosmomc_theta logA ns ombh2 omch2 Alens tau a_tSZ a_kSZ a_p beta_p a_c beta_c a_s
2.207890389503042509e-12 -1.574068800145868497e-09 2.345553351701746540e-09 1.856501631560343008e-11 -8.395743296134039906e-10 1.585318699411431526e-08 4.077216362294250597e-10 1.638275157307448111e-09 -5.436014496715316572e-09 1.374334318627433527e-09 -1.303630576087199283e-11 3.396927233942504141e-09 -1.045675488916703612e-09 3.942422056882507303e-11
-1.574068800145868497e-09 2.237891380833387440e-04 -1.026346974638216117e-05 -7.174063861776970659e-08 3.769741626655543045e-06 -2.761579061823408272e-04 1.054108812790057939e-04 4.042213151796878411e-05 -1.253988309432867339e-04 3.845301721368966078e-05 -7.628878425884385309e-06 -5.864683495881264149e-05 1.820121339076824531e-05 -5.336080774580951486e-06
2.345553351701746540e-09 -1.026346974638216117e-05 1.091692071819541772e-05 -3.252887611420638516e-08 -2.860256798367180043e-06 4.517033945932979593e-05 4.607032609384521640e-07 -3.031001488147327585e-06 -8.146179745542366776e-06 -3.553922127259805634e-06 6.429750401090414215e-07 1.590315012650576356e-05 -3.940927384056344690e-06 2.140685387621286526e-06
1.856501631560343008e-11 -7.174063861776970659e-08 -3.252887611420638516e-08 4.150200060088875447e-09 -2.269902930825877444e-08 3.873677819076407532e-07 -2.688736579350752749e-08 -2.240779375831554096e-07 -3.328468598196570085e-07 3.318542818581448169e-07 -6.839033760935821260e-08 -3.864938847886576294e-07 1.210427891163145474e-07 7.369559454027305339e-08
-8.395743296134039906e-10 3.769741626655543045e-06 -2.860256798367180043e-06 -2.269902930825877444e-08 1.319550529423836487e-06 -2.069489537000516753e-05 1.896665751696231325e-08 6.049720043477545782e-07 -6.274697130467953307e-06 4.401561145859831939e-06 -5.779842879159359853e-07 -9.583493667249241797e-06 2.045655412035127087e-06 -3.862496419670994729e-07
1.585318699411431526e-08 -2.761579061823408272e-04 4.517033945932979593e-05 3.873677819076407532e-07 -2.069489537000516753e-05 7.649963013970016408e-04 -1.075274342850248549e-04 -5.689160200064526433e-05 -2.596892513939242459e-04 1.312776883608344082e-04 -1.878887768100369099e-05 -2.655421099443367291e-05 -2.264441273219386118e-07 3.023625245456345245e-05
4.077216362294250597e-10 1.054108812790057939e-04 4.607032609384521640e-07 -2.688736579350752749e-08 1.896665751696232649e-08 -1.075274342850248549e-04 5.281632746987800038e-05 1.917927941057608740e-05 -5.861971487379294285e-05 1.326114120271975453e-05 -2.864605361163615776e-06 -1.565811832518427746e-05 5.787720028533657752e-06 -1.828299968428541308e-06
1.638275157307448111e-09 4.042213151796878411e-05 -3.031001488147327585e-06 -2.240779375831554096e-07 6.049720043477545782e-07 -5.689160200064526433e-05 1.917927941057608740e-05 2.172947483753650145e-03 -3.210460012586785396e-03 -1.069770928859625552e-04 4.501465158004219964e-05 1.949395819410729624e-03 -5.378133672042103392e-04 -2.962571725804438250e-04
-5.436014496715316572e-09 -1.253988309432867339e-04 -8.146179745542366776e-06 -3.328468598196570085e-07 -6.274697130467953307e-06 -2.596892513939242459e-04 -5.861971487379294285e-05 -3.210460012586785396e-03 1.108590850768845226e-02 -1.116497382835346689e-03 1.535383275677102268e-04 -3.389980307750679010e-03 8.898621024410263095e-04 -8.698207164421767335e-05
1.374334318627433527e-09 3.845301721368966078e-05 -3.553922127259805634e-06 3.318542818581448169e-07 4.401561145859831939e-06 1.312776883608344082e-04 1.326114120271975453e-05 -1.069770928859625552e-04 -1.116497382835346689e-03 5.385556335959447438e-03 -8.735602119762347472e-04 -7.365229570327263761e-03 1.785977158343941048e-03 -1.241668486736970734e-05
-1.303630576087199283e-11 -7.628878425884385309e-06 6.429750401090414215e-07 -6.839033760935821260e-08 -5.779842879159359853e-07 -1.878887768100369099e-05 -2.864605361163615776e-06 4.501465158004219964e-05 1.535383275677102268e-04 -8.735602119762347472e-04 1.735776230655401698e-04 1.195850436746649518e-03 -3.498836031481869372e-04 -3.369486678212482501e-07
3.396927233942504141e-09 -5.864683495881264149e-05 1.590315012650576356e-05 -3.864938847886576294e-07 -9.583493667249241797e-06 -2.655421099443367291e-05 -1.565811832518427746e-05 1.949395819410729624e-03 -3.389980307750679010e-03 -7.365229570327263761e-03 1.195850436746649518e-03 1.330432127107588139e-02 -3.239454769958257426e-03 -4.132458243183321042e-05
-1.045675488916703612e-09 1.820121339076824531e-05 -3.940927384056344690e-06 1.210427891163145474e-07 2.045655412035127087e-06 -2.264441273219386118e-07 5.787720028533656905e-06 -5.378133672042103392e-04 8.898621024410263095e-04 1.785977158343941048e-03 -3.498836031481869372e-04 -3.239454769958257426e-03 9.122815294656374868e-04 1.640994963503974104e-05
3.942422056882507303e-11 -5.336080774580951486e-06 2.140685387621286526e-06 7.369559454027305339e-08 -3.862496419670994729e-07 3.023625245456345245e-05 -1.828299968428541308e-06 -2.962571725804438250e-04 -8.698207164421767335e-05 -1.241668486736970734e-05 -3.369486678212482501e-07 -4.132458243183321042e-05 1.640994963503974104e-05 1.247759227015738759e-04
