# cosmomc_theta logA ns ombh2 omch2 Alens
1.790663454784130276e-12 -1.784042366369716034e-09 1.806763591224692121e-09 8.747307111682061922e-12 -5.992461813490340917e-10 1.181243219197627092e-08
-1.784042366369716034e-09 1.206869363144399481e-05 -1.013915933175267879e-05 -6.595109312718248270e-09 3.094006866852380335e-06 -5.193583214513243366e-05
1.806763591224692121e-09 -1.013915933175267879e-05 1.006271645078043962e-05 -4.533291651500984192e-08 -2.337622267971777457e-06 3.582627557326738347e-05
8.747307111682061922e-12 -6.595109312718248270e-09 -4.533291651500984192e-08 3.403164577558773078e-09 -1.818748890953244394e-08 2.385108006120332115e-07
-5.992461813490340917e-10 3.094006866852380335e-06 -2.337622267971777457e-06 -1.818748890953244394e-08 1.062594168635822125e-06 -1.771863497537359361e-05
1.181243219197627092e-08 -5.193583214513243366e-05 3.582627557326738347e-05 2.385108006120332115e-07 -1.771863497537359361e-05 4.032160909820495004e-04
