# cosmomc_theta logA ns ombh2 omch2 Alens tau a_tSZ a_kSZ a_p beta_p a_c beta_c a_s
2.534282289597662673e-12 -2.831932808924850975e-09 1.617026786984692284e-09 1.536996854634518058e-11 -7.708529670591109917e-10 1.832821986680620753e-08 -5.646241544102935955e-10 1.021838679395422554e-09 1.581350079178542638e-08 9.630959180686102550e-09 -1.877365833377585997e-09 -2.149327707556633204e-08 5.442548050380967323e-09 -2.206198531136357108e-09
-2.831932808924850975e-09 2.122308667807987399e-04 -1.574411679008971506e-05 1.444100183931861228e-07 4.966922937236038777e-06 -3.172037465871650882e-04 9.687444085944518996e-05 -6.053375180102366153e-05 7.689865605821755276e-05 -3.822769012837849467e-05 9.857241705107979150e-06 3.497818231674757833e-05 -1.845291195419664285e-05 1.350875605879066862e-06
1.617026786984692284e-09 -1.574411679008971506e-05 9.841552050731685962e-06 -1.771118159562987965e-08 -2.678733453390863338e-06 4.926257890614095758e-05 -2.658001114185350101e-06 -1.776872570485263256e-05 2.601052262739653620e-05 3.669635027692063706e-05 -6.767552226919929803e-06 -6.755511792473742512e-05 1.613931530377435067e-05 8.210345539836493422e-07
1.536996854634518058e-11 1.444100183931861228e-07 -1.771118159562987965e-08 4.227628008821259600e-09 -3.363390645684055477e-08 3.473650364577486870e-07 9.351099682556768456e-08 -1.897255747549592260e-07 -1.140071071029152318e-07 7.914885784840901609e-07 -1.927845371340061743e-07 -1.197252955900532689e-06 3.678766003968474138e-07 6.986624619422840432e-08
-7.708529670591109917e-10 4.966922937236038777e-06 -2.678733453390863338e-06 -3.363390645684055477e-08 1.398729587772265894e-06 -2.544577688608239658e-05 6.044733761413466939e-07 7.886069883164453028e-06 -1.908872411941622078e-05 -1.540518825079036883e-05 3.071558624768270525e-06 3.260267778515431309e-05 -8.154965340041596844e-06 -8.289318998604365075e-07
1.832821986680620753e-08 -3.172037465871650882e-04 4.926257890614095758e-05 3.473650364577486870e-07 -2.544577688608239658e-05 9.182330058604533602e-04 -1.230618275320073489e-04 -6.611006247465151236e-05 6.032635301925773152e-05 5.078048300646837007e-04 -8.175344683408491172e-05 -9.031914365984362435e-04 2.058807153914957177e-04 5.982703832712451953e-06
-5.646241544102935955e-10 9.687444085944518996e-05 -2.658001114185350101e-06 9.351099682556768456e-08 6.044733761413466939e-07 -1.230618275320073489e-04 4.709217737013515618e-05 -3.810549492411985037e-05 5.858098388390280120e-05 2.290967825538091051e-06 7.781437383626490686e-07 -2.344378958097229621e-05 8.251344715158958424e-07 5.786452934861154196e-07
1.021838679395422554e-09 -6.053375180102366153e-05 -1.776872570485263256e-05 -1.897255747549592260e-07 7.886069883164453028e-06 -6.611006247465151236e-05 -3.810549492411985037e-05 2.274913761679733110e-03 -3.022071378090709654e-03 -1.768361664304716032e-04 8.837682151547245209e-05 1.969264786103281512e-03 -5.569826575628514199e-04 -3.431631567769609413e-04
1.581350079178542638e-08 7.689865605821755276e-05 2.601052262739653620e-05 -1.140071071029152318e-07 -1.908872411941622078e-05 6.032635301925773152e-05 5.858098388390280120e-05 -3.022071378090709654e-03 9.418650344363158414e-03 -2.115762601493226789e-04 -3.793476339098758972e-05 -4.272489847368839133e-03 1.080824262003485725e-03 -9.028717260660817652e-05
9.630959180686102550e-09 -3.822769012837849467e-05 3.669635027692063706e-05 7.914885784840901609e-07 -1.540518825079036883e-05 5.078048300646837007e-04 2.290967825538091051e-06 -1.768361664304716032e-04 -2.115762601493226789e-04 6.058972101624009697e-03 -1.050611855872983069e-03 -8.950639270394749811e-03 2.062273471875869426e-03 -5.305106932171607589e-05
-1.877365833377585997e-09 9.857241705107979150e-06 -6.767552226919929803e-06 -1.927845371340061743e-07 3.071558624768270525e-06 -8.175344683408491172e-05 7.781437383626490686e-07 8.837682151547245209e-05 -3.793476339098758972e-05 -1.050611855872983069e-03 2.183155518153345688e-04 1.569454264793786365e-03 -4.294589992701967744e-04 -1.828024158540010479e-06
-2.149327707556633204e-08 3.497818231674757833e-05 -6.755511792473742512e-05 -1.197252955900532689e-06 3.260267778515431309e-05 -9.031914365984362435e-04 -2.344378958097229621e-05 1.969264786103281512e-03 -4.272489847368839133e-03 -8.950639270394749811e-03 1.569454264793786365e-03 1.636233293760054955e-02 -3.785836781285796364e-03 4.975766928501339491e-05
5.442548050380967323e-09 -1.845291195419664285e-05 1.613931530377435067e-05 3.678766003968474138e-07 -8.154965340041596844e-06 2.058807153914957177e-04 8.251344715158958424e-07 -5.569826575628514199e-04 1.080824262003485725e-03 2.062273471875869426e-03 -4.294589992701967744e-04 -3.785836781285796364e-03 1.016468668055029671e-03 1.511781835826109644e-05
-2.206198531136357108e-09 1.350875605879066862e-06 8.210345539836493422e-07 6.986624619422840432e-08 -8.289318998604365075e-07 5.982703832712451953e-06 5.786452934861154196e-07 -3.431631567769609413e-04 -9.028717260660817652e-05 -5.305106932171607589e-05 -1.828024158540010479e-06 4.975766928501339491e-05 1.511781835826109644e-05 1.456028108066496234e-04
