# cosmomc_theta logA ns ombh2 omch2 Alens tau a_tSZ a_kSZ a_p beta_p a_c beta_c a_s
1.887505646822760710e-12 -2.045249731034950992e-09 2.090540032548376407e-09 8.764472309358838407e-12 -7.754443651376880055e-10 1.235433944379422882e-08 5.681443197178132291e-11 1.153097599631598508e-09 6.175479866639723000e-09 3.595242399848300891e-09 -7.494030414315217040e-11 -6.154134939692948291e-09 3.130157163410428482e-10 -2.163544193685201617e-10
-2.045249731034950992e-09 2.367144048760748973e-04 -9.326152696715506619e-06 -1.227616002023876727e-07 4.269041842208110987e-06 -2.949714025740752502e-04 1.111384553863077021e-04 2.992725174720929098e-05 -2.010904509384311414e-04 -1.921966446864416627e-05 -1.892114281572932118e-06 7.522815295942034955e-05 -5.391024106457445775e-06 1.034162144477497816e-07
2.090540032548376407e-09 -9.326152696715506619e-06 1.017092795815033933e-05 -2.957301928096195584e-08 -2.782325249478449556e-06 3.752860382681918360e-05 6.166752976390151286e-07 -6.855178916541904777e-06 1.039335830441420486e-05 1.259591037230002659e-05 -5.528705238684651487e-07 -1.717965650412272131e-05 7.691469611825681738e-07 2.653444918060433228e-06
8.764472309358838407e-12 -1.227616002023876727e-07 -2.957301928096195584e-08 4.666954893490391544e-09 -2.596504780328783771e-08 4.804751158319598236e-07 -4.767777152968764797e-08 -2.270416962629003505e-07 -6.450822439974269693e-07 7.817366134745545561e-07 -1.386106834207990706e-07 -1.103201725813517431e-06 2.607321072647238417e-07 9.931253210797520104e-08
-7.754443651376880055e-10 4.269041842208110987e-06 -2.782325249478449556e-06 -2.596504780328783771e-08 1.398899600284202309e-06 -2.129203220421219949e-05 2.431842405728809527e-07 -4.925741432096309831e-07 -6.974956936920196039e-06 -5.035932978055239591e-07 -4.907941343419647010e-07 4.254970378989113763e-07 1.136215749657595383e-06 -3.147712262350628720e-07
1.235433944379422882e-08 -2.949714025740752502e-04 3.752860382681918360e-05 4.804751158319598236e-07 -2.129203220421219949e-05 7.576595491985384711e-04 -1.181729919702245556e-04 -7.260051570636234179e-05 1.765706080297761303e-05 2.052675988305546946e-04 -2.533384296496905060e-05 -3.406690173114245248e-04 5.635868670077188005e-05 1.825008356047812347e-05
5.681443197178132291e-11 1.111384553863077021e-04 6.166752976390150228e-07 -4.767777152968764797e-08 2.431842405728809527e-07 -1.181729919702245556e-04 5.522909958517921013e-05 1.331779062112604736e-05 -8.896125909492343098e-05 -7.782213633718992494e-06 -2.028176363431212809e-07 3.496886648195745445e-05 -4.186283327749419415e-06 6.594071222160231427e-07
1.153097599631598508e-09 2.992725174720929098e-05 -6.855178916541904777e-06 -2.270416962629003505e-07 -4.925741432096309831e-07 -7.260051570636234179e-05 1.331779062112604736e-05 2.188181932301188921e-03 -3.030944930022708844e-03 -3.435976043477129431e-04 9.999114723761047595e-05 2.262305999175251697e-03 -5.980365493511472863e-04 -3.076669352137234169e-04
6.175479866639724655e-09 -2.010904509384311414e-04 1.039335830441419978e-05 -6.450822439974269693e-07 -6.974956936920194345e-06 1.765706080297761303e-05 -8.896125909492343098e-05 -3.030944930022708844e-03 1.077354295516183731e-02 -8.454177092560650119e-04 9.122445557307402235e-05 -3.828900087142965251e-03 9.717360759620171208e-04 -1.392948087988388683e-04
3.595242399848300891e-09 -1.921966446864416627e-05 1.259591037230002659e-05 7.817366134745545561e-07 -5.035932978055239591e-07 2.052675988305546946e-04 -7.782213633718992494e-06 -3.435976043477129431e-04 -8.454177092560650119e-04 5.874110693362771807e-03 -1.012525236077633584e-03 -8.534663631492774363e-03 1.971081061965457466e-03 3.591283736363606286e-05
-7.494030414315217040e-11 -1.892114281572932118e-06 -5.528705238684651487e-07 -1.386106834207990706e-07 -4.907941343419647010e-07 -2.533384296496905060e-05 -2.028176363431212809e-07 9.999114723761047595e-05 9.122445557307402235e-05 -1.012525236077633584e-03 2.074495582965211679e-04 1.507965350366882859e-03 -4.077705699605565690e-04 -1.157521989836778141e-05
-6.154134939692948291e-09 7.522815295942034955e-05 -1.717965650412272131e-05 -1.103201725813517431e-06 4.254970378989113763e-07 -3.406690173114245248e-04 3.496886648195745445e-05 2.262305999175251697e-03 -3.828900087142965251e-03 -8.534663631492774363e-03 1.507965350366882859e-03 1.581531853003295338e-02 -3.710994396526604965e-03 -6.429244211867259171e-05
3.130157163410428482e-10 -5.391024106457445775e-06 7.691469611825681738e-07 2.607321072647238417e-07 1.136215749657595383e-06 5.635868670077188005e-05 -4.186283327749419415e-06 -5.980365493511472863e-04 9.717360759620171208e-04 1.971081061965457466e-03 -4.077705699605565690e-04 -3.710994396526604965e-03 9.900714495228665497e-04 2.575693013834786594e-05
-2.163544193685201617e-10 1.034162144477497816e-07 2.653444918060433228e-06 9.931253210797520104e-08 -3.147712262350628720e-07 1.825008356047812347e-05 6.594071222160231427e-07 -3.076669352137234169e-04 -1.392948087988388683e-04 3.591283736363606286e-05 -1.157521989836778141e-05 -6.429244211867259171e-05 2.575693013834786594e-05 1.301531075577535689e-04
