# cosmomc_theta logA ns ombh2 omch2 Alens tau a_tSZ a_kSZ a_p beta_p a_c beta_c a_s
2.012174079958844604e-12 -1.431046301671586429e-09 1.858317574308834869e-09 1.809330518502562756e-11 -6.927656930680532259e-10 1.233793316243666422e-08 2.827159868438620313e-10 5.632364467368527991e-09 -7.170921108000721488e-09 1.457374145998675814e-08 -2.996261253683075999e-09 -1.419982336612908942e-08 3.367092067064372526e-09 -2.814562775945502496e-10
-1.431046301671586429e-09 1.813589180455514789e-04 -7.714207905260606586e-06 2.772001938569921813e-07 6.609131906247045710e-07 -2.190600594051447911e-04 8.760041392437786139e-05 -7.319807093389775249e-05 1.953392106888931655e-04 1.485147365073507207e-04 -3.233648370248983563e-05 -3.196618445760843088e-04 8.797887618830373178e-05 -2.950249149212187710e-06
1.858317574308834869e-09 -7.714207905260606586e-06 1.135344787636346611e-05 -4.940974589417039546e-08 -2.453784656704536537e-06 2.908382351906285449e-05 1.784369691026949915e-06 -1.539693110512873163e-05 1.291072902728765351e-05 1.471285791557024132e-06 2.938443739117891161e-07 -4.567195642230036515e-06 -1.431536629791016931e-06 4.452695648200172564e-06
1.809330518502562756e-11 2.772001938569921813e-07 -4.940974589417039546e-08 5.076152017544889472e-09 -3.296709516604926237e-08 2.354755353046466403e-07 1.472377331867105153e-07 8.017493038896106487e-07 -2.065746857506575690e-06 1.034218237956033981e-06 -1.256246875803079014e-07 -4.356664991793379865e-07 2.635829310750663028e-08 -3.719132006607026534e-08
-6.927656930680532259e-10 6.609131906247045710e-07 -2.453784656704536537e-06 -3.296709516604926237e-08 1.217226136420759713e-06 -1.573538956775362310e-05 -1.334696105400691966e-06 -5.933231104342568466e-06 1.204828394757107196e-05 -6.081109310621239369e-07 -6.441103354006959364e-07 -9.482957766456838740e-06 3.540912724744496481e-06 -2.796109667023851414e-07
1.233793316243666422e-08 -2.190600594051447911e-04 2.908382351906285449e-05 2.354755353046466403e-07 -1.573538956775362310e-05 6.557632657376413808e-04 -8.845558965091393088e-05 1.809418685444165106e-04 -5.665551346324299324e-04 1.631715515897061344e-04 -4.410539364608478422e-06 -1.344891381050823418e-05 -4.164957587393776307e-05 -2.830414331268502791e-05
2.827159868438620313e-10 8.760041392437786139e-05 1.784369691026949915e-06 1.472377331867105153e-07 -1.334696105400691966e-06 -8.845558965091393088e-05 4.552949440710950843e-05 -3.246817921134570245e-05 8.440575008291617792e-05 7.348190166932401328e-05 -1.540439956002651419e-05 -1.470357059682553757e-04 3.965269129255786438e-05 -5.927958257446745844e-07
5.632364467368527991e-09 -7.319807093389775249e-05 -1.539693110512873163e-05 8.017493038896106487e-07 -5.933231104342568466e-06 1.809418685444165106e-04 -3.246817921134570245e-05 2.153530743406553184e-03 -3.338934719623961982e-03 -8.992037228095686849e-05 7.686780396785726174e-05 1.923703933162675518e-03 -5.293495304577307227e-04 -2.998403535275553228e-04
-7.170921108000721488e-09 1.953392106888931655e-04 1.291072902728765351e-05 -2.065746857506575690e-06 1.204828394757107196e-05 -5.665551346324299324e-04 8.440575008291617792e-05 -3.338934719623961982e-03 9.679410015906199372e-03 -7.179536302633965014e-04 1.282818828479045847e-05 -3.890142733704225492e-03 1.049230589528346450e-03 4.397956254437009532e-05
1.457374145998675814e-08 1.485147365073507207e-04 1.471285791557024132e-06 1.034218237956033981e-06 -6.081109310621239369e-07 1.631715515897061344e-04 7.348190166932401328e-05 -8.992037228095686849e-05 -7.179536302633965014e-04 5.158598491981916494e-03 -8.761641147442073225e-04 -7.511195997558413502e-03 1.683375156529021274e-03 1.098225373757587830e-05
-2.996261253683075999e-09 -3.233648370248983563e-05 2.938443739117891161e-07 -1.256246875803079014e-07 -6.441103354006959364e-07 -4.410539364608478422e-06 -1.540439956002651419e-05 7.686780396785726174e-05 1.282818828479045847e-05 -8.761641147442073225e-04 1.777870259491379093e-04 1.300321070246812823e-03 -3.432833172623954454e-04 -1.447222472228086152e-05
-1.419982336612908942e-08 -3.196618445760843088e-04 -4.567195642230036515e-06 -4.356664991793379865e-07 -9.482957766456838740e-06 -1.344891381050823418e-05 -1.470357059682553757e-04 1.923703933162675518e-03 -3.890142733704225492e-03 -7.511195997558413502e-03 1.300321070246812823e-03 1.434076938574215150e-02 -3.254678855897642255e-03 -2.751977595713017314e-05
3.367092067064372526e-09 8.797887618830373178e-05 -1.431536629791016931e-06 2.635829310750663028e-08 3.540912724744496481e-06 -4.164957587393776307e-05 3.965269129255786438e-05 -5.293495304577307227e-04 1.049230589528346450e-03 1.683375156529021274e-03 -3.432833172623954454e-04 -3.254678855897642255e-03 8.408817079856770573e-04 2.896619580837209713e-05
-2.814562775945502496e-10 -2.950249149212187710e-06 4.452695648200172564e-06 -3.719132006607026534e-08 -2.796109667023851414e-07 -2.830414331268502791e-05 -5.927958257446745844e-07 -2.998403535275553228e-04 4.397956254437009532e-05 1.098225373757587830e-05 -1.447222472228086152e-05 -2.751977595713017314e-05 2.896619580837209713e-05 1.298498906203612022e-04
