# cosmomc_theta logA ns ombh2 omch2 Alens tau a_tSZ a_kSZ a_p beta_p a_c beta_c a_s
2.654881279588327259e-12 1.080453037214583463e-09 2.597181688053421715e-09 2.957448405781212931e-11 -1.218640635889165059e-09 2.070498364168152570e-08 2.084345424185566999e-09 -9.777966505930192658e-09 2.296895290307446683e-08 -6.823525151325394406e-09 1.984257562757815012e-09 -5.778485828389688006e-09 2.576533555992756953e-10 -7.613255104041254752e-11
1.080453037214583463e-09 2.214760565024454550e-04 2.850894401129885842e-07 -3.695575206903974693e-08 -7.268694175985885481e-07 -2.274375742536055079e-04 1.110504067910653668e-04 1.131743121203351225e-04 -1.769203683676217318e-04 -2.073252202385792299e-04 3.420298670618304298e-05 3.855598974815986407e-04 -8.906639933912364917e-05 -2.517303235120463929e-05
2.597181688053421715e-09 2.850894401129885842e-07 8.728223793850437115e-06 3.784172704868719371e-08 -2.940947450499752028e-06 3.648982544911337484e-05 5.060892192185346645e-06 -1.346600046092849707e-05 1.255955578660273119e-05 -1.127312636139162306e-05 2.323284852634188345e-06 -3.492868219320438136e-06 1.024882635632932379e-06 9.575103980405823712e-07
2.957448405781212931e-11 -3.695575206903974693e-08 3.784172704868719371e-08 3.964652601999350502e-09 -4.088055994992681944e-08 5.961438437216985481e-07 2.606174793362460346e-08 -4.494419247504928677e-07 -1.040235151936032964e-07 7.678604782182562320e-07 -1.614375646148940383e-07 -1.256676421283823470e-06 3.625550328742658141e-07 1.267255793402496417e-07
-1.218640635889165059e-09 -7.268694175985885481e-07 -2.940947450499752028e-06 -4.088055994992681944e-08 1.579800647035446651e-06 -1.959800806751536275e-05 -2.369233932130859777e-06 6.284293248837149962e-06 -1.373619818759944794e-05 1.383182279418412438e-05 -2.384081994785575073e-06 -1.183136408650779316e-05 2.367782525542356511e-06 -7.999715218480205821e-07
2.070498364168152570e-08 -2.274375742536055079e-04 3.648982544911337484e-05 5.961438437216985481e-07 -1.959800806751536275e-05 6.694969718968803597e-04 -8.776072033445050816e-05 -2.524705210736441670e-04 2.247489654881126191e-04 1.132485220307927768e-04 -1.101943165278608972e-05 -3.523175646852146525e-04 7.044771370321122040e-05 3.196404199013302413e-05
2.084345424185566999e-09 1.110504067910653668e-04 5.060892192185346645e-06 2.606174793362460346e-08 -2.369233932130859777e-06 -8.776072033445050816e-05 5.887714419985870409e-05 5.042089568106528107e-05 -7.839372192935862595e-05 -1.146678784003527993e-04 1.914870583296714404e-05 1.974838713902022703e-04 -4.528492369727550994e-05 -1.215235368590701847e-05
-9.777966505930192658e-09 1.131743121203351225e-04 -1.346600046092849707e-05 -4.494419247504928677e-07 6.284293248837149962e-06 -2.524705210736441670e-04 5.042089568106528107e-05 2.295162742980075363e-03 -3.899524398553501098e-03 -3.068849611220024584e-04 1.098000007799946796e-04 2.630356951675267597e-03 -7.253368545978894529e-04 -2.721152573387763929e-04
2.296895290307446683e-08 -1.769203683676217318e-04 1.255955578660273119e-05 -1.040235151936032964e-07 -1.373619818759944794e-05 2.247489654881127004e-04 -7.839372192935862595e-05 -3.899524398553501098e-03 1.209461600043143514e-02 -9.189044042748552472e-04 5.122973918674789682e-05 -4.739342899867626281e-03 1.323619075748796179e-03 3.497998669828268826e-05
-6.823525151325394406e-09 -2.073252202385792299e-04 -1.127312636139162306e-05 7.678604782182562320e-07 1.383182279418412438e-05 1.132485220307927768e-04 -1.146678784003527993e-04 -3.068849611220024584e-04 -9.189044042748552472e-04 6.223837185103681807e-03 -1.073610880829781308e-03 -8.759975959981279939e-03 2.076093398042871008e-03 2.398424967285110509e-05
1.984257562757815012e-09 3.420298670618304298e-05 2.323284852634188345e-06 -1.614375646148940383e-07 -2.384081994785575073e-06 -1.101943165278608972e-05 1.914870583296714404e-05 1.098000007799946796e-04 5.122973918674789682e-05 -1.073610880829781308e-03 2.232923340913493013e-04 1.551423072777038427e-03 -4.362098219705175944e-04 -1.035976791795384876e-05
-5.778485828389688006e-09 3.855598974815986407e-04 -3.492868219320438136e-06 -1.256676421283823470e-06 -1.183136408650779316e-05 -3.523175646852146525e-04 1.974838713902022703e-04 2.630356951675267597e-03 -4.739342899867626281e-03 -8.759975959981279939e-03 1.551423072777038427e-03 1.630349914548429729e-02 -3.936153330258006233e-03 -1.218988169495901206e-04
2.576533555992756953e-10 -8.906639933912364917e-05 1.024882635632932379e-06 3.625550328742658141e-07 2.367782525542356511e-06 7.044771370321122040e-05 -4.528492369727550994e-05 -7.253368545978894529e-04 1.323619075748796179e-03 2.076093398042871008e-03 -4.362098219705175944e-04 -3.936153330258006233e-03 1.084173400872927859e-03 4.120839590264911332e-05
-7.613255104041254752e-11 -2.517303235120463929e-05 9.575103980405823712e-07 1.267255793402496417e-07 -7.999715218480205821e-07 3.196404199013302413e-05 -1.215235368590701847e-05 -2.721152573387763929e-04 3.497998669828268826e-05 2.398424967285110509e-05 -1.035976791795384876e-05 -1.218988169495901206e-04 4.120839590264911332e-05 1.036511733754669109e-04
