# cosmomc_theta logA ns ombh2 omch2 Alens tau a_tSZ a_kSZ a_p beta_p a_c beta_c a_s
2.705952720175003944e-12 6.655878801273478059e-10 3.031497393354905061e-09 2.293115696599479332e-11 -1.282487293324173882e-09 2.198678310686415214e-08 2.048163740331469677e-09 -1.339018193003782768e-08 4.489586090278851598e-08 -1.384259438351227044e-08 2.220944519116144547e-09 -7.023826775696407842e-09 2.374624926632807105e-09 -5.113110254608790652e-10
6.655878801273478059e-10 1.202230555416704694e-04 -1.909146855707629422e-06 5.020451712915344649e-08 4.400788326460805800e-07 -1.311206867059379680e-04 5.966078124442485977e-05 -4.576449899798231595e-05 1.376095727171364820e-04 -1.011699061697865666e-04 1.225360253962685677e-05 2.785413898333663748e-05 -1.643855562971729113e-06 -7.301793134103737811e-06
3.031497393354905061e-09 -1.909146855707629422e-06 1.111595034034208847e-05 2.200453682710660156e-08 -3.656041618396005062e-06 4.876438623455277288e-05 5.249876487345560920e-06 -2.623283938375346803e-05 5.195400317526992006e-05 -1.906276837281753236e-05 1.857920574229143079e-06 -1.407212086615914437e-05 7.681410000830053020e-06 4.271144807455342972e-06
2.293115696599479332e-11 5.020451712915344649e-08 2.200453682710660156e-08 3.566259451722627074e-09 -3.543972378369128025e-08 4.788900456581405500e-07 6.271477679056403749e-08 -4.965068520620692040e-07 -3.556664118574941998e-08 1.578586427503760152e-07 -5.836673603146684818e-08 -5.156163612064528878e-07 2.097126282532109643e-07 1.443445539779787943e-07
-1.282487293324173882e-09 4.400788326460805800e-07 -3.656041618396005062e-06 -3.543972378369128025e-08 1.774501224815767592e-06 -2.405329934610164281e-05 -2.181021974129928334e-06 1.218189790558975571e-05 -2.949711459599355497e-05 1.603746593830448895e-05 -2.219993156920314084e-06 -6.059050715365835418e-06 -4.058453999310650051e-07 -1.844105106378784183e-06
2.198678310686415214e-08 -1.311206867059379680e-04 4.876438623455277288e-05 4.788900456581405500e-07 -2.405329934610164281e-05 6.408765631080018182e-04 -3.298402956447537410e-05 -1.404488212596580654e-04 7.108673943343135843e-06 8.923029048837556631e-05 -1.407943957422675328e-05 -2.049725948240507887e-04 6.280685813822650210e-05 2.373859070408344479e-05
2.048163740331469677e-09 5.966078124442485977e-05 5.249876487345560920e-06 6.271477679056403749e-08 -2.181021974129928334e-06 -3.298402956447537410e-05 3.350290556171407421e-05 -3.907334768991057103e-05 1.036271716077018332e-04 -7.089882887317899374e-05 8.856004351101969007e-06 1.693023191727414451e-05 1.021773382412112773e-06 -9.249544046528665475e-07
-1.339018193003782768e-08 -4.576449899798231595e-05 -2.623283938375346803e-05 -4.965068520620692040e-07 1.218189790558975571e-05 -1.404488212596580654e-04 -3.907334768991057103e-05 1.594952323916422939e-03 -2.147193530264650263e-03 -8.386215761812273426e-06 5.086793985182415997e-05 1.284392890003672842e-03 -4.021942437799292725e-04 -1.855058850852656376e-04
4.489586090278851598e-08 1.376095727171364820e-04 5.195400317526991329e-05 -3.556664118574941998e-08 -2.949711459599355497e-05 7.108673943343135843e-06 1.036271716077018332e-04 -2.147193530264650263e-03 8.834022873097707382e-03 -1.531004599451954743e-03 2.359103885399017864e-04 -1.980996617424271057e-03 5.308232676595181759e-04 -2.567222506483746408e-04
-1.384259438351227044e-08 -1.011699061697865666e-04 -1.906276837281753236e-05 1.578586427503760152e-07 1.603746593830448895e-05 8.923029048837556631e-05 -7.089882887317899374e-05 -8.386215761812273426e-06 -1.531004599451954743e-03 5.638942872569263458e-03 -9.494176691502489171e-04 -7.593411183719546084e-03 1.794350658649489011e-03 -4.737539474177506046e-05
2.220944519116144547e-09 1.225360253962685677e-05 1.857920574229143079e-06 -5.836673603146684818e-08 -2.219993156920314084e-06 -1.407943957422675328e-05 8.856004351101969007e-06 5.086793985182415997e-05 2.359103885399017864e-04 -9.494176691502489171e-04 1.992086414695525324e-04 1.270616823042263269e-03 -3.712551755268628695e-04 -2.452388567826513728e-06
-7.023826775696407842e-09 2.785413898333663748e-05 -1.407212086615914437e-05 -5.156163612064528878e-07 -6.059050715365835418e-06 -2.049725948240507887e-04 1.693023191727414451e-05 1.284392890003672842e-03 -1.980996617424271057e-03 -7.593411183719546084e-03 1.270616823042263269e-03 1.310691522985963330e-02 -3.095083417662276935e-03 1.543756346474080569e-04
2.374624926632807105e-09 -1.643855562971729113e-06 7.681410000830053020e-06 2.097126282532109643e-07 -4.058453999310650051e-07 6.280685813822650210e-05 1.021773382412112773e-06 -4.021942437799292725e-04 5.308232676595182843e-04 1.794350658649489011e-03 -3.712551755268628695e-04 -3.095083417662276935e-03 8.691996142838556315e-04 -1.702469725735662070e-05
-5.113110254608790652e-10 -7.301793134103737811e-06 4.271144807455342972e-06 1.443445539779787943e-07 -1.844105106378784183e-06 2.373859070408344479e-05 -9.249544046528665475e-07 -1.855058850852656376e-04 -2.567222506483746408e-04 -4.737539474177506046e-05 -2.452388567826513728e-06 1.543756346474080569e-04 -1.702469725735662070e-05 1.001330103553177165e-04
