# cosmomc_theta logA ns ombh2 omch2 Alens tau a_tSZ a_kSZ a_p beta_p a_c beta_c a_s
1.924024178994907241e-12 -1.424097480269811030e-09 1.781662046189926958e-09 9.937744649788823657e-12 -6.943455604643774973e-10 1.112874725867962231e-08 2.038175120237603094e-10 3.717773630115777072e-09 5.510081438733631838e-09 3.139192124832275635e-10 -1.539459087623533681e-10 5.111243691084644424e-10 -5.238612066378239381e-11 -1.717691442909073750e-09
-1.424097480269811030e-09 2.202426010191390487e-04 -6.332544302032012677e-06 -4.406674541298278007e-08 1.907211061248009050e-06 -2.210668433459822828e-04 1.063294577546782834e-04 -7.449722285674130928e-05 -5.763619491095119774e-05 4.171439585175115244e-05 -1.198307687391377486e-05 -9.149551932286889198e-05 3.053756849356438697e-05 1.873464441922028070e-05
1.781662046189926958e-09 -6.332544302032012677e-06 1.044648067301348512e-05 -3.249396668644352286e-08 -2.742824072094179787e-06 3.320065017355856743e-05 2.187938339422851658e-06 5.721694609318305216e-08 -4.967333266030033287e-06 3.319969749014457154e-05 -4.915019011795858592e-06 -3.264897826046264326e-05 6.520847360124998512e-06 -8.959869013635994801e-07
9.937744649788823657e-12 -4.406674541298278007e-08 -3.249396668644352286e-08 4.033584986133079675e-09 -1.960623726870051285e-08 2.337003245137958050e-07 -1.432667447376363950e-08 -3.824416733870125921e-07 4.506170081225958499e-08 4.733118312486538992e-07 -9.045328865409114556e-08 -8.436895307109489470e-07 2.244287090395175089e-07 7.176246784452034738e-08
-6.943455604643774973e-10 1.907211061248009050e-06 -2.742824072094179787e-06 -1.960623726870051285e-08 1.265491824361787449e-06 -1.564448809105486909e-05 -8.333918575787317008e-07 1.279591075834635476e-06 -1.138618002927523723e-05 -6.376367348513005699e-06 1.063957397240537280e-06 7.416932068907192563e-06 -1.716375302144885382e-06 7.153430627075064924e-07
1.112874725867962231e-08 -2.210668433459822828e-04 3.320065017355856743e-05 2.337003245137958050e-07 -1.564448809105486909e-05 5.772913376920111401e-04 -8.769376701371007555e-05 -7.705856399007603931e-06 -1.586119361579532575e-04 1.988236524881748088e-04 -3.545891885452412987e-05 -2.048321630057558455e-04 5.200886522881005390e-05 1.524989282712755450e-06
2.038175120237603094e-10 1.063294577546782834e-04 2.187938339422851658e-06 -1.432667447376363950e-08 -8.333918575787317008e-07 -8.769376701371007555e-05 5.449644536264442238e-05 -3.685015963855210741e-05 -1.845023922846235164e-05 3.367166420452759058e-05 -7.821400488694585924e-06 -5.936585744451902414e-05 1.791929042491331804e-05 7.833879765942052093e-06
3.717773630115777072e-09 -7.449722285674130928e-05 5.721694609318305216e-08 -3.824416733870125921e-07 1.279591075834635476e-06 -7.705856399007603931e-06 -3.685015963855210741e-05 2.245710231708423002e-03 -3.039578474792838537e-03 -4.451114416938434888e-04 1.113074344818387821e-04 2.425041843510414904e-03 -6.412133158791924470e-04 -3.209123964262591356e-04
5.510081438733631838e-09 -5.763619491095119774e-05 -4.967333266030029899e-06 4.506170081225958499e-08 -1.138618002927523723e-05 -1.586119361579532575e-04 -1.845023922846235164e-05 -3.039578474792838537e-03 1.088915701957835457e-02 -1.018593606139753553e-03 1.621919190093748455e-04 -3.378031280962757923e-03 7.975786381580605338e-04 -1.369514943043980695e-04
3.139192124832275635e-10 4.171439585175115244e-05 3.319969749014457154e-05 4.733118312486538992e-07 -6.376367348513005699e-06 1.988236524881748088e-04 3.367166420452759058e-05 -4.451114416938434888e-04 -1.018593606139753553e-03 5.844879056656796315e-03 -1.003216044572418806e-03 -8.190293490604346610e-03 1.954527360168773452e-03 6.410379549651595572e-05
-1.539459087623533681e-10 -1.198307687391377486e-05 -4.915019011795858592e-06 -9.045328865409114556e-08 1.063957397240537280e-06 -3.545891885452412987e-05 -7.821400488694585924e-06 1.113074344818387821e-04 1.621919190093748455e-04 -1.003216044572418806e-03 2.068699310096286988e-04 1.403041997749181072e-03 -3.989486519529615496e-04 -1.559174236572627865e-05
5.111243691084644424e-10 -9.149551932286889198e-05 -3.264897826046264326e-05 -8.436895307109489470e-07 7.416932068907192563e-06 -2.048321630057558455e-04 -5.936585744451902414e-05 2.425041843510414904e-03 -3.378031280962757923e-03 -8.190293490604346610e-03 1.403041997749181072e-03 1.464992179539246347e-02 -3.474364525441566310e-03 -1.742641046638732549e-04
-5.238612066378239381e-11 3.053756849356438697e-05 6.520847360124998512e-06 2.244287090395175089e-07 -1.716375302144885382e-06 5.200886522881005390e-05 1.791929042491331804e-05 -6.412133158791924470e-04 7.975786381580605338e-04 1.954527360168773452e-03 -3.989486519529615496e-04 -3.474364525441566310e-03 9.544043559391973382e-04 5.254899566300668518e-05
-1.717691442909073750e-09 1.873464441922028070e-05 -8.959869013635994801e-07 7.176246784452034738e-08 7.153430627075064924e-07 1.524989282712755450e-06 7.833879765942052093e-06 -3.209123964262591356e-04 -1.369514943043980695e-04 6.410379549651595572e-05 -1.559174236572627865e-05 -1.742641046638732549e-04 5.254899566300668518e-05 1.315219550160934996e-04
