# cosmomc_theta logA ns ombh2 omch2 Alens tau a_tSZ a_kSZ a_p beta_p a_c beta_c a_s
1.971773894253536721e-12 2.547517146962426454e-10 2.306715424288175785e-09 1.996076740612209144e-11 -7.959129378112744756e-10 1.392836520763210401e-08 1.311365959123267118e-09 -4.358048750299925634e-09 -2.158903116920676800e-08 2.299752667496028485e-08 -3.989192156245208886e-09 -2.038024986566085065e-08 4.373281983953792374e-09 2.843547673291199384e-09
2.547517146962426454e-10 8.802592741143524353e-05 6.440250450711209969e-06 -7.281558099601535563e-08 -4.298757540890138835e-07 -8.147588068762147764e-05 4.682709454176991115e-05 -3.855016889460215641e-05 -2.784951713117003085e-04 -1.097834519194977300e-04 1.170771890905923601e-05 2.626471645194236051e-04 -5.477861058603397302e-05 4.322023639787735735e-05
2.306715424288175785e-09 6.440250450711209969e-06 1.246008739078211521e-05 3.766329919403484715e-09 -3.252717313526651013e-06 3.241497956461988715e-05 9.826526058983662049e-06 -9.411499650960734219e-06 -3.388558544449959926e-05 1.161026689158677452e-04 -1.960244592819036587e-05 -1.518327537520636325e-04 3.348786385265181193e-05 2.477439084664241643e-06
1.996076740612209144e-11 -7.281558099601535563e-08 3.766329919403484715e-09 3.673430265545066986e-09 -3.052630117082589060e-08 5.279901941040844349e-07 -1.047603471315801175e-08 -2.661202129612262546e-07 -9.768188350550447972e-07 9.074445191673358182e-07 -1.397130616906245396e-07 -7.717853681510196583e-07 1.720467084891885575e-07 1.386076895739996352e-07
-7.959129378112744756e-10 -4.298757540890138835e-07 -3.252717313526651013e-06 -3.052630117082589060e-08 1.426157929819150699e-06 -1.606651707700024759e-05 -2.321235349229135239e-06 -3.391626478992296529e-07 4.474446131738232030e-06 -4.043438893652799630e-05 6.710761777773286792e-06 5.146002952627698403e-05 -1.158029016192360822e-05 -3.557242359168391245e-07
1.392836520763210401e-08 -8.147588068762147764e-05 3.241497956461988715e-05 5.279901941040844349e-07 -1.606651707700024759e-05 5.487937392796462914e-04 -1.900216757392924591e-05 -1.081747158692907647e-04 -3.366579794895860909e-04 1.022372481799063660e-03 -1.804417478195032237e-04 -1.398478215617816010e-03 3.463079994531831547e-04 1.288440460227730144e-06
1.311365959123267118e-09 4.682709454176991115e-05 9.826526058983662049e-06 -1.047603471315801175e-08 -2.321235349229135239e-06 -1.900216757392924591e-05 2.874440336882107643e-05 -2.278156216372215974e-05 -1.535131741116969623e-04 7.755781993296036043e-06 -4.942956793727582044e-06 5.262209631759091200e-05 -9.351418127210363337e-06 2.284445587405502432e-05
-4.358048750299925634e-09 -3.855016889460215641e-05 -9.411499650960734219e-06 -2.661202129612262546e-07 -3.391626478992296529e-07 -1.081747158692907647e-04 -2.278156216372215974e-05 2.070161295344259082e-03 -2.274106474027187859e-03 -6.750006879042415841e-06 6.737356122304232994e-05 1.398850860956243457e-03 -4.502435441037011868e-04 -3.871348070098776218e-04
-2.158903116920676800e-08 -2.784951713117003085e-04 -3.388558544449959926e-05 -9.768188350550447972e-07 4.474446131738232030e-06 -3.366579794895860909e-04 -1.535131741116969623e-04 -2.274106474027187425e-03 1.001015614507302573e-02 -9.714247678284692374e-04 7.579678358050140547e-05 -3.096387825525856365e-03 9.037694649397528352e-04 -1.349198836939884279e-04
2.299752667496028485e-08 -1.097834519194977300e-04 1.161026689158677452e-04 9.074445191673358182e-07 -4.043438893652799630e-05 1.022372481799063660e-03 7.755781993296036043e-06 -6.750006879042415841e-06 -9.714247678284697795e-04 6.990903134952936547e-03 -1.136873894705105843e-03 -1.021449939441312384e-02 2.283501870920417228e-03 -1.011349996362520548e-04
-3.989192156245208886e-09 1.170771890905923601e-05 -1.960244592819036587e-05 -1.397130616906245396e-07 6.710761777773286792e-06 -1.804417478195032237e-04 -4.942956793727582044e-06 6.737356122304232994e-05 7.579678358050140547e-05 -1.136873894705105843e-03 2.197294208050514994e-04 1.694649552147096385e-03 -4.449164918928204824e-04 4.979588777215461452e-06
-2.038024986566085065e-08 2.626471645194236051e-04 -1.518327537520636325e-04 -7.717853681510196583e-07 5.146002952627698403e-05 -1.398478215617816010e-03 5.262209631759091200e-05 1.398850860956243457e-03 -3.096387825525856365e-03 -1.021449939441312384e-02 1.694649552147096385e-03 1.788158985508885718e-02 -4.088305239360337517e-03 1.346010266402515631e-04
4.373281983953792374e-09 -5.477861058603397302e-05 3.348786385265181193e-05 1.720467084891885575e-07 -1.158029016192360822e-05 3.463079994531831547e-04 -9.351418127210363337e-06 -4.502435441037011868e-04 9.037694649397528352e-04 2.283501870920417228e-03 -4.449164918928204824e-04 -4.088305239360337517e-03 1.069764117747028015e-03 -9.460291869894520917e-06
2.843547673291199384e-09 4.322023639787735735e-05 2.477439084664241643e-06 1.386076895739996352e-07 -3.557242359168391245e-07 1.288440460227730144e-06 2.284445587405502432e-05 -3.871348070098776218e-04 -1.349198836939884279e-04 -1.011349996362520548e-04 4.979588777215461452e-06 1.346010266402515631e-04 -9.460291869894520917e-06 1.573129156048263329e-04
