# cosmomc_theta logA ns ombh2 omch2 Alens tau a_tSZ a_kSZ a_p beta_p a_c beta_c a_s
2.279372675808312311e-12 1.530356750790267548e-09 2.032585306666461617e-09 1.341089422934170022e-11 -9.245292388013114161e-10 1.366889462946649217e-08 1.964519132410596011e-09 -1.952570240088885772e-09 1.166496106308474053e-08 9.246146387043619487e-09 -2.719071966685902620e-09 -9.509208965546363884e-09 4.039651570253769466e-09 -2.975607801297096384e-10
1.530356750790267548e-09 6.906922817462460642e-05 4.934782880295717313e-06 -2.790671770850743748e-08 -1.203316140680363417e-06 -5.450097722593285466e-05 3.702803832632610653e-05 1.764049874537402426e-05 -1.925249189008421244e-04 -2.112738101244861458e-05 -1.525157970934784318e-06 1.252600865592219247e-04 -2.171948240599178386e-05 1.215851276410549103e-05
2.032585306666461617e-09 4.934782880295717313e-06 9.564270340604157726e-06 -6.016692796016647133e-09 -2.628657220225670073e-06 2.637907266571527172e-05 7.704324703054350303e-06 6.857953546476201150e-06 -3.737300683554488931e-05 5.711862120176627335e-05 -9.722569576567879321e-06 -6.279510214428341269e-05 1.485703188806567117e-05 -5.206945974363182505e-07
1.341089422934170022e-11 -2.790671770850743748e-08 -6.016692796016647133e-09 3.370441720091160273e-09 -3.110336697956802858e-08 3.413178138888137434e-07 7.897777558259833557e-09 -3.151521245382193345e-07 2.472549310740571898e-07 3.342730113222348434e-07 -8.097753352241320723e-08 -4.511157916336187186e-07 1.873796999054736358e-07 7.712290095710592730e-08
-9.245292388013114161e-10 -1.203316140680363417e-06 -2.628657220225670073e-06 -3.110336697956802858e-08 1.380278139774451271e-06 -1.540352318642132862e-05 -2.469139387569467072e-06 -1.194175204265431310e-06 -1.511194513894383287e-06 -1.256155220238892807e-05 2.477945635246234250e-06 1.303079517582699617e-05 -4.037527283142873138e-06 -1.087629031282490846e-08
1.366889462946649217e-08 -5.450097722593285466e-05 2.637907266571527172e-05 3.413178138888137434e-07 -1.540352318642132862e-05 4.824094469271837334e-04 -6.078881978137331990e-06 -5.237308979722433858e-05 -1.813324774227456019e-04 3.301770680425592918e-04 -6.763904370343192635e-05 -4.437987853922804762e-04 1.381097043028211169e-04 2.556893855039814230e-06
1.964519132410596011e-09 3.702803832632610653e-05 7.704324703054350303e-06 7.897777558259833557e-09 -2.469139387569467072e-06 -6.078881978137331990e-06 2.307109642520823809e-05 1.190135746478607194e-05 -1.092488303848444310e-04 1.535099380820193821e-05 -5.604821688865907389e-06 3.562346122469348906e-05 -3.383391868558960659e-06 5.848825699559706625e-06
-1.952570240088885772e-09 1.764049874537402426e-05 6.857953546476201150e-06 -3.151521245382193345e-07 -1.194175204265431310e-06 -5.237308979722433858e-05 1.190135746478606855e-05 2.282177587880768622e-03 -3.273881905849840204e-03 -1.212532877185656331e-04 7.601793984950253220e-05 2.049276638724603639e-03 -6.032231033428731666e-04 -3.313055667551952923e-04
1.166496106308474053e-08 -1.925249189008421244e-04 -3.737300683554488931e-05 2.472549310740571898e-07 -1.511194513894383287e-06 -1.813324774227456019e-04 -1.092488303848444310e-04 -3.273881905849840204e-03 1.121297009434916309e-02 -4.457407156131435290e-04 -1.130492970468800350e-05 -4.496057204098947296e-03 1.205593427332128697e-03 -8.020890788834074804e-05
9.246146387043619487e-09 -2.112738101244861458e-05 5.711862120176627335e-05 3.342730113222348434e-07 -1.256155220238892807e-05 3.301770680425592918e-04 1.535099380820193821e-05 -1.212532877185656331e-04 -4.457407156131435290e-04 6.080786795731604223e-03 -1.030844299985818899e-03 -8.952206697366252297e-03 2.144601873103377677e-03 -7.209760259399911118e-05
-2.719071966685902620e-09 -1.525157970934784318e-06 -9.722569576567879321e-06 -8.097753352241320723e-08 2.477945635246234250e-06 -6.763904370343192635e-05 -5.604821688865907389e-06 7.601793984950253220e-05 -1.130492970468800350e-05 -1.030844299985818899e-03 2.105104251569176626e-04 1.542642468595030285e-03 -4.383292900043748411e-04 4.130225259910945931e-06
-9.509208965546363884e-09 1.252600865592219247e-04 -6.279510214428341269e-05 -4.511157916336187186e-07 1.303079517582699617e-05 -4.437987853922804762e-04 3.562346122469348906e-05 2.049276638724603639e-03 -4.496057204098947296e-03 -8.952206697366252297e-03 1.542642468595030285e-03 1.655640309326570497e-02 -3.993901604076859069e-03 5.312220952634389733e-05
4.039651570253769466e-09 -2.171948240599178386e-05 1.485703188806567117e-05 1.873796999054736358e-07 -4.037527283142873138e-06 1.381097043028211169e-04 -3.383391868558960659e-06 -6.032231033428731666e-04 1.205593427332128697e-03 2.144601873103377677e-03 -4.383292900043748411e-04 -3.993901604076859069e-03 1.105128535828584771e-03 7.169682968380706782e-06
-2.975607801297096384e-10 1.215851276410549103e-05 -5.206945974363182505e-07 7.712290095710592730e-08 -1.087629031282490846e-08 2.556893855039814230e-06 5.848825699559705778e-06 -3.313055667551952923e-04 -8.020890788834074804e-05 -7.209760259399911118e-05 4.130225259910945931e-06 5.312220952634389733e-05 7.169682968380706782e-06 1.359846590119859774e-04
