# cosmomc_theta logA ns ombh2 omch2 Alens tau a_tSZ a_kSZ a_p beta_p a_c beta_c a_s
1.869979288135394332e-12 -3.317948268266696845e-09 2.017840374944826483e-09 1.137609830576796130e-11 -7.583656020183120937e-10 1.523017783488095093e-08 -5.844209485022206807e-10 1.491564639384845173e-09 3.774064629401668976e-10 -4.807490636946199589e-09 1.324986145128287321e-09 7.673513784454080350e-09 -2.764165683952913100e-09 5.030583952227971721e-10
-3.317948268266696845e-09 2.452858799982809306e-04 -1.415401631375276296e-05 -4.022909210394088731e-08 5.416903933720604326e-06 -3.276054522009445142e-04 1.141253398084570711e-04 -4.568433631697293492e-06 -1.538434707655164104e-04 1.789086603036775958e-05 -7.330536198520040716e-06 7.671527801994669114e-05 -1.457018968035148787e-05 3.135712896588101416e-06
2.017840374944826483e-09 -1.415401631375276296e-05 1.107578508125964556e-05 -4.826947427003055583e-08 -2.748168797469344345e-06 4.545024550492230678e-05 -1.539526520577287998e-06 -1.169071698102275323e-05 8.117656705153468159e-06 2.374644419479079863e-05 -3.726928248793260575e-06 -4.796888108147434631e-05 1.116383619509206556e-05 4.002364313334331986e-06
1.137609830576796130e-11 -4.022909210394088731e-08 -4.826947427003055583e-08 4.587697965752687747e-09 -2.248022424097221662e-08 3.343277891041813236e-07 -1.510459183389760095e-08 -1.929985936719470011e-07 -4.270486348416984103e-07 4.931036083013327654e-07 -8.304785777578388514e-08 -5.128114513341566352e-07 1.373029123083076252e-07 8.766476758983578648e-08
-7.583656020183120937e-10 5.416903933720604326e-06 -2.748168797469344345e-06 -2.248022424097221662e-08 1.307717624750653485e-06 -2.140151806604351895e-05 8.916136497123719965e-07 2.105670425191156901e-06 -1.162611880352468786e-05 -1.205848182015497564e-06 1.012305351888366739e-07 6.428958080162334884e-06 -1.492392698721160547e-06 -8.829603873640630599e-07
1.523017783488095093e-08 -3.276054522009445142e-04 4.545024550492230678e-05 3.343277891041813236e-07 -2.140151806604351895e-05 8.181855196652639732e-04 -1.325209439869274566e-04 -3.873370559779712631e-05 -8.200652749930378653e-05 1.309360828973403675e-04 -1.791539656688598552e-05 -2.824424742206341058e-04 6.814447718893978749e-05 2.647855104662566399e-05
-5.844209485022207841e-10 1.141253398084570711e-04 -1.539526520577287998e-06 -1.510459183389760095e-08 8.916136497123719965e-07 -1.325209439869274566e-04 5.608619862502327362e-05 -5.901271770312478524e-06 -6.728700580702681039e-05 1.579693305719281123e-05 -4.797181592113405566e-06 2.126492013854831015e-05 -3.079464190367770509e-06 2.919510898235990258e-06
1.491564639384845173e-09 -4.568433631697293492e-06 -1.169071698102275323e-05 -1.929985936719470011e-07 2.105670425191156901e-06 -3.873370559779712631e-05 -5.901271770312478524e-06 2.123504209830151968e-03 -3.031558430618743957e-03 -4.773473703483596003e-04 1.179237121056963389e-04 2.486816588657389960e-03 -6.712841832018223839e-04 -2.942140690389073482e-04
3.774064629401668976e-10 -1.538434707655164104e-04 8.117656705153468159e-06 -4.270486348416984103e-07 -1.162611880352468786e-05 -8.200652749930378653e-05 -6.728700580702681039e-05 -3.031558430618743957e-03 1.124851826133876041e-02 -3.885421239884562965e-04 3.189663300966011849e-05 -4.906882792725652045e-03 1.223764640496437586e-03 -1.646440733144883010e-04
-4.807490636946199589e-09 1.789086603036775958e-05 2.374644419479079863e-05 4.931036083013327654e-07 -1.205848182015497564e-06 1.309360828973403675e-04 1.579693305719281123e-05 -4.773473703483596003e-04 -3.885421239884562965e-04 5.885571816835160307e-03 -9.742570591076008327e-04 -8.676070070421067551e-03 2.041038139500904545e-03 3.070814137066723231e-05
1.324986145128287321e-09 -7.330536198520040716e-06 -3.726928248793260575e-06 -8.304785777578388514e-08 1.012305351888366739e-07 -1.791539656688598552e-05 -4.797181592113405566e-06 1.179237121056963389e-04 3.189663300966011849e-05 -9.742570591076008327e-04 1.940846211318427307e-04 1.446553142210419817e-03 -4.020414509209431714e-04 -1.162810951699672982e-05
7.673513784454080350e-09 7.671527801994669114e-05 -4.796888108147434631e-05 -5.128114513341566352e-07 6.428958080162334884e-06 -2.824424742206341058e-04 2.126492013854831015e-05 2.486816588657389960e-03 -4.906882792725652045e-03 -8.676070070421067551e-03 1.446553142210419817e-03 1.642065815173274906e-02 -3.887026557350940596e-03 -5.787704728130930158e-05
-2.764165683952913100e-09 -1.457018968035148787e-05 1.116383619509206556e-05 1.373029123083076252e-07 -1.492392698721160547e-06 6.814447718893978749e-05 -3.079464190367770509e-06 -6.712841832018223839e-04 1.223764640496437586e-03 2.041038139500904545e-03 -4.020414509209431714e-04 -3.887026557350940596e-03 1.047653836282903773e-03 3.037971329501981921e-05
5.030583952227971721e-10 3.135712896588101416e-06 4.002364313334331986e-06 8.766476758983578648e-08 -8.829603873640630599e-07 2.647855104662566399e-05 2.919510898235990258e-06 -2.942140690389073482e-04 -1.646440733144883010e-04 3.070814137066723231e-05 -1.162810951699672982e-05 -5.787704728130930158e-05 3.037971329501981921e-05 1.274741649141296676e-04
