# cosmomc_theta logA ns ombh2 omch2 Alens tau a_tSZ a_kSZ a_p beta_p a_c beta_c a_s
1.895403419998493765e-12 1.116541563097306122e-09 2.049904771071970316e-09 1.162029244783017778e-11 -7.505571616832569246e-10 7.158280614936732436e-09 1.611994302009640322e-09 2.939438052112342317e-09 1.950192430788339740e-08 5.015833426668981118e-09 -1.771172264683478774e-09 -1.211423788797957666e-08 4.249826064819720682e-09 -2.826942143676318392e-09
1.116541563097306122e-09 1.640210940340013773e-04 -6.948468909352942775e-06 8.741932107092774303e-08 1.538855233776579840e-06 -1.464280589310730627e-04 7.799260454192633344e-05 -1.190557351703220169e-04 1.406535729879341147e-04 4.046679487894552524e-04 -6.129498086148971300e-05 -7.489521057172293444e-04 1.579770372077511577e-04 -4.196621373856479169e-06
2.049904771071970316e-09 -6.948468909352942775e-06 9.213783605215015413e-06 -5.226339391173998355e-08 -2.536674284427513296e-06 3.077740614309808920e-05 1.302191536361498206e-06 -1.281373241068615329e-06 6.496775363349414185e-05 -3.017327870232619879e-05 3.800077761850181318e-06 2.359825051908641223e-05 -4.484035264686885899e-06 -9.489205684079175136e-07
1.162029244783017778e-11 8.741932107092774303e-08 -5.226339391173998355e-08 4.773769360208182532e-09 -1.480779271080569137e-08 6.663525674279694339e-08 3.863146627573043981e-08 -1.625730749480373577e-08 -1.209357781088643131e-06 1.391350335069452969e-06 -2.871393346646171842e-07 -1.239665273776519242e-06 3.720274294699671991e-07 -1.955339525074252535e-09
-7.505571616832569246e-10 1.538855233776579840e-06 -2.536674284427513296e-06 -1.480779271080569137e-08 1.138061127945883042e-06 -1.341795367516052872e-05 -8.061840258453971935e-07 1.473854450861620682e-06 -2.483904704645464355e-05 3.938744471971685005e-06 -4.496440365654053162e-07 -8.013303468031125161e-07 2.833295003431840503e-07 5.994057003372093860e-07
7.158280614936732436e-09 -1.464280589310730627e-04 3.077740614309808920e-05 6.663525674279694339e-08 -1.341795367516052872e-05 4.323249463785723405e-04 -5.291073408366239403e-05 5.944437335469174229e-05 -1.567843122978834986e-04 -2.272562947484798083e-04 2.178082803046108677e-05 4.688291168184071408e-04 -7.415300028364447938e-05 6.144366679964166518e-06
1.611994302009640322e-09 7.799260454192633344e-05 1.302191536361498206e-06 3.863146627573043981e-08 -8.061840258453971935e-07 -5.291073408366239403e-05 3.979448520809519087e-05 -5.768865822780959305e-05 1.036106121679986714e-04 1.855233717645598298e-04 -2.822250159663668826e-05 -3.579767655138545385e-04 7.534299320629082310e-05 -3.209536350589474236e-06
2.939438052112342317e-09 -1.190557351703220169e-04 -1.281373241068615329e-06 -1.625730749480373577e-08 1.473854450861620682e-06 5.944437335469174229e-05 -5.768865822780959305e-05 1.838365126421143310e-03 -2.339954960633692811e-03 -2.650550381110303253e-04 8.307140566930000958e-05 1.750558654190170716e-03 -4.761537437987458949e-04 -2.804011704157928606e-04
1.950192430788339740e-08 1.406535729879341147e-04 6.496775363349414185e-05 -1.209357781088643131e-06 -2.483904704645464355e-05 -1.567843122978834986e-04 1.036106121679986714e-04 -2.339954960633692811e-03 9.242211165158390612e-03 -5.043343667815296813e-04 1.159206960542654151e-04 -3.518816660515262842e-03 7.469753509104214715e-04 -1.237565895412665658e-04
5.015833426668981118e-09 4.046679487894552524e-04 -3.017327870232619879e-05 1.391350335069452969e-06 3.938744471971685005e-06 -2.272562947484798083e-04 1.855233717645598298e-04 -2.650550381110303253e-04 -5.043343667815296813e-04 5.249245818920059842e-03 -9.555587146504385598e-04 -7.577060594325341590e-03 1.878974745855102125e-03 -7.923974507025050983e-05
-1.771172264683478774e-09 -6.129498086148971300e-05 3.800077761850181318e-06 -2.871393346646171842e-07 -4.496440365654053162e-07 2.178082803046108677e-05 -2.822250159663668826e-05 8.307140566930000958e-05 1.159206960542654151e-04 -9.555587146504385598e-04 2.082585368228421303e-04 1.368462848220997974e-03 -4.037210584947104920e-04 3.180334764231539176e-06
-1.211423788797957666e-08 -7.489521057172293444e-04 2.359825051908641223e-05 -1.239665273776519242e-06 -8.013303468031125161e-07 4.688291168184071408e-04 -3.579767655138545385e-04 1.750558654190170716e-03 -3.518816660515262842e-03 -7.577060594325341590e-03 1.368462848220997974e-03 1.383025718850333131e-02 -3.365993308479717314e-03 1.141897270985863639e-04
4.249826064819720682e-09 1.579770372077511577e-04 -4.484035264686885899e-06 3.720274294699671991e-07 2.833295003431840503e-07 -7.415300028364447938e-05 7.534299320629082310e-05 -4.761537437987458949e-04 7.469753509104214715e-04 1.878974745855102125e-03 -4.037210584947104920e-04 -3.365993308479717314e-03 9.533467600845145235e-04 -6.602429130840695542e-06
-2.826942143676318392e-09 -4.196621373856479169e-06 -9.489205684079175136e-07 -1.955339525074252535e-09 5.994057003372093860e-07 6.144366679964166518e-06 -3.209536350589474236e-06 -2.804011704157928606e-04 -1.237565895412665658e-04 -7.923974507025050983e-05 3.180334764231539176e-06 1.141897270985863639e-04 -6.602429130840695542e-06 1.214322395803096101e-04
