# cosmomc_theta logA ns ombh2 omch2 Alens tau a_tSZ a_kSZ a_p beta_p a_c beta_c a_s
2.080429705830514299e-12 -3.517956369237803399e-09 2.183124622478919374e-09 1.628466877004568131e-11 -7.846313128284544097e-10 1.523610909348984203e-08 -6.735120563589763076e-10 9.146486316738796248e-10 -2.217158799310863272e-09 -1.068453654543249533e-08 1.637229481333046536e-09 1.713748058601642327e-08 -4.067633293025009755e-09 1.917257227969510812e-12
-3.517956369237803399e-09 2.191842812899938279e-04 -1.125823459424536593e-05 -8.117617665163540488e-08 3.835255787693264455e-06 -2.784395206418667588e-04 1.029600228216466078e-04 -4.204551961743088518e-05 8.263351082810183024e-05 3.137225230762061447e-05 -5.539547241393659217e-06 -9.266624703638646099e-05 2.489916792798929700e-05 7.303144168951662407e-07
2.183124622478919374e-09 -1.125823459424536593e-05 1.061501040203752213e-05 -1.871143461864523747e-08 -2.652877046416227756e-06 4.495392202794822837e-05 -3.422029044588954843e-07 -8.382824853135221048e-06 -8.803274888405065155e-06 -3.096494583751147823e-06 2.429807951146700974e-07 3.524753049738984527e-06 -1.484295459541574822e-08 2.519710872025171531e-06
1.628466877004568131e-11 -8.117617665163540488e-08 -1.871143461864523747e-08 4.415219000453656114e-09 -2.840585171643696262e-08 5.661731892873584892e-07 -2.157682983801385326e-08 -4.070119674442849056e-07 -4.132038713398950325e-07 7.084992445119688242e-07 -1.096664880754173991e-07 -1.097782062891792963e-06 2.322407440478372637e-07 1.283834271254162040e-07
-7.846313128284544097e-10 3.835255787693264455e-06 -2.652877046416227756e-06 -2.840585171643696262e-08 1.236090570679803870e-06 -2.049298347253213098e-05 1.918895885745233311e-07 3.166048250678462547e-06 -7.461000676660084018e-06 3.758730697347120854e-06 -6.006020012052540535e-07 -2.872072023401008950e-06 8.792626058394340821e-07 -4.655687856212741483e-07
1.523610909348984203e-08 -2.784395206418667588e-04 4.495392202794822837e-05 5.661731892873584892e-07 -2.049298347253213098e-05 7.860268738789437078e-04 -1.082718156340340342e-04 -3.771323622488789988e-05 -3.639153391710545516e-04 2.127101576016698751e-04 -3.937628351333913171e-05 -2.367025004626616938e-04 5.642487021642166180e-05 2.382547628316886241e-05
-6.735120563589764110e-10 1.029600228216466078e-04 -3.422029044588954843e-07 -2.157682983801385326e-08 1.918895885745233311e-07 -1.082718156340340342e-04 5.129088304385492821e-05 -2.492278503275492359e-05 4.171514868159500642e-05 1.173143332869415685e-05 -2.064341588020545589e-06 -4.205539230068674398e-05 1.126962403758317743e-05 1.426426788956684529e-06
9.146486316738796248e-10 -4.204551961743088518e-05 -8.382824853135221048e-06 -4.070119674442849056e-07 3.166048250678462547e-06 -3.771323622488789988e-05 -2.492278503275492359e-05 1.861488770219264788e-03 -2.273920751431293512e-03 -1.541984390538883283e-04 3.360352743356719539e-05 1.654533349614824202e-03 -4.159453777904184449e-04 -3.072629713031802879e-04
-2.217158799310863272e-09 8.263351082810183024e-05 -8.803274888405065155e-06 -4.132038713398950325e-07 -7.461000676660084018e-06 -3.639153391710545516e-04 4.171514868159500642e-05 -2.273920751431293512e-03 8.727231231991806198e-03 -9.300575249819790884e-04 1.432285193437139942e-04 -2.717580454685978794e-03 6.687532253938154947e-04 -1.269558069490268524e-04
-1.068453654543249533e-08 3.137225230762061447e-05 -3.096494583751147823e-06 7.084992445119688242e-07 3.758730697347120854e-06 2.127101576016698751e-04 1.173143332869415516e-05 -1.541984390538883283e-04 -9.300575249819790884e-04 6.118490176011954010e-03 -1.054741566531745226e-03 -8.825496502414152331e-03 2.158577353734521340e-03 -1.382643609751992180e-05
1.637229481333046536e-09 -5.539547241393659217e-06 2.429807951146700974e-07 -1.096664880754173991e-07 -6.006020012052540535e-07 -3.937628351333913171e-05 -2.064341588020545589e-06 3.360352743356719539e-05 1.432285193437139942e-04 -1.054741566531745226e-03 2.144378323734318114e-04 1.512158107539376918e-03 -4.300614167831239920e-04 4.689314429510770052e-06
1.713748058601642327e-08 -9.266624703638646099e-05 3.524753049738984527e-06 -1.097782062891792963e-06 -2.872072023401008950e-06 -2.367025004626616938e-04 -4.205539230068674398e-05 1.654533349614824202e-03 -2.717580454685978794e-03 -8.825496502414152331e-03 1.512158107539376918e-03 1.568012287540427457e-02 -3.795382440197548474e-03 -3.013735320600492671e-05
-4.067633293025009755e-09 2.489916792798929700e-05 -1.484295459541574822e-08 2.322407440478372637e-07 8.792626058394340821e-07 5.642487021642166180e-05 1.126962403758317743e-05 -4.159453777904184449e-04 6.687532253938154947e-04 2.158577353734521340e-03 -4.300614167831239920e-04 -3.795382440197548474e-03 1.041923510565437305e-03 7.472353255196330558e-06
1.917257227969510812e-12 7.303144168951662407e-07 2.519710872025171531e-06 1.283834271254162040e-07 -4.655687856212741483e-07 2.382547628316886241e-05 1.426426788956684529e-06 -3.072629713031802879e-04 -1.269558069490268524e-04 -1.382643609751992180e-05 4.689314429510770052e-06 -3.013735320600492671e-05 7.472353255196330558e-06 1.327891460781402714e-04
