# cosmomc_theta logA ns ombh2 omch2 Alens tau a_tSZ a_kSZ a_p beta_p a_c beta_c a_s
2.035663387151978871e-12 -1.021698785639372525e-09 1.684102597736482300e-09 2.152494170749302198e-11 -7.811123933059671127e-10 1.350560670747416976e-08 2.314643793529462535e-10 5.119535407305254126e-10 -2.081049478817749591e-08 1.750660216409743132e-08 -4.157147499244626409e-09 -1.510657835827785577e-08 5.147030291390511712e-09 1.904776472581724064e-09
-1.021698785639372525e-09 8.392428487393309585e-05 -6.115754779061701617e-06 2.687330420510680616e-07 5.103388004869810959e-07 -1.067721118957774883e-04 4.064271741954882512e-05 -1.065062404614811845e-04 1.845271103124967169e-04 3.228566775670475538e-04 -5.618621420361816123e-05 -6.082789290521446431e-04 1.497485669007744282e-04 -8.113261194931424900e-06
1.684102597736482300e-09 -6.115754779061701617e-06 8.638230453378766005e-06 -5.317352274567658448e-08 -2.062033696257939488e-06 2.110035940604375936e-05 8.304117650499496712e-07 -5.394479388203788462e-06 -3.119824349088040492e-06 7.873442233456271310e-06 -3.867044582439116844e-06 -1.003725106991317169e-05 5.660300901217133959e-06 8.556096590388974295e-06
2.152494170749302198e-11 2.687330420510680616e-07 -5.317352274567658448e-08 4.864121354438185017e-09 -1.868426799269904234e-08 7.330280021104745088e-08 1.341337379141235690e-07 -7.643344273306301863e-07 -2.716512058142380062e-07 2.837208733894511621e-06 -5.727580452781286718e-07 -4.145595520345201937e-06 1.162855688863978583e-06 1.130288379675780608e-07
-7.811123933059671127e-10 5.103388004869810959e-07 -2.062033696257939488e-06 -1.868426799269904234e-08 8.929166997794066517e-07 -1.027342996842430341e-05 -8.903798030845282596e-07 4.709182171771587266e-06 6.038888122320293448e-06 -1.529256839021759495e-05 3.526266183952123750e-06 1.852644452548209963e-05 -5.687321066348740965e-06 -3.393074890421741872e-06
1.350560670747416976e-08 -1.067721118957774883e-04 2.110035940604375936e-05 7.330280021104745088e-08 -1.027342996842430341e-05 4.283195935329177232e-04 -4.139670134707019056e-05 1.105274049614385357e-04 -5.527661102845804041e-04 -1.437633642767411626e-04 1.872984292678923045e-05 4.213861689725836943e-04 -9.195891707864436429e-05 3.275924338918057076e-05
2.314643793529462535e-10 4.064271741954882512e-05 8.304117650499496712e-07 1.341337379141235690e-07 -8.903798030845282596e-07 -4.139670134707019056e-05 2.172207081558487842e-05 -5.919919807440073998e-05 9.143714088566074827e-05 1.770786719323656788e-04 -3.223485489470750498e-05 -3.279008166426753052e-04 8.272334325260093113e-05 6.392006583433758386e-07
5.119535407305254126e-10 -1.065062404614811845e-04 -5.394479388203788462e-06 -7.643344273306301863e-07 4.709182171771587266e-06 1.105274049614385357e-04 -5.919919807440073998e-05 1.490845238751461934e-03 -2.085292825420080685e-03 -9.457855015320281323e-04 2.214713117439049631e-04 2.520385547423632019e-03 -7.292158651097631946e-04 -1.639885739388832655e-04
-2.081049478817749591e-08 1.845271103124967169e-04 -3.119824349088040492e-06 -2.716512058142380062e-07 6.038888122320293448e-06 -5.527661102845804041e-04 9.143714088566074827e-05 -2.085292825420080685e-03 6.580864894692382318e-03 7.440184518411156744e-04 -1.629731192362021967e-04 -4.234886816335711908e-03 1.093344958585925697e-03 -8.825823829307198219e-05
1.750660216409743132e-08 3.228566775670475538e-04 7.873442233456271310e-06 2.837208733894511621e-06 -1.529256839021759495e-05 -1.437633642767411626e-04 1.770786719323656788e-04 -9.457855015320281323e-04 7.440184518411156744e-04 6.869833546414591194e-03 -1.335456944667291713e-03 -1.029599395282874454e-02 2.761075189895027208e-03 4.010945612262016802e-05
-4.157147499244626409e-09 -5.618621420361816123e-05 -3.867044582439116844e-06 -5.727580452781286718e-07 3.526266183952123750e-06 1.872984292678923045e-05 -3.223485489470750498e-05 2.214713117439049631e-04 -1.629731192362021967e-04 -1.335456944667291713e-03 2.865096455994729742e-04 2.006349562210863521e-03 -5.875730214723138157e-04 -1.677444395297361868e-05
-1.510657835827785577e-08 -6.082789290521446431e-04 -1.003725106991317169e-05 -4.145595520345201937e-06 1.852644452548209963e-05 4.213861689725836943e-04 -3.279008166426753052e-04 2.520385547423632019e-03 -4.234886816335711908e-03 -1.029599395282874454e-02 2.006349562210863521e-03 1.791610135970269843e-02 -4.744332455995456214e-03 -1.530015691494948819e-05
5.147030291390511712e-09 1.497485669007744282e-04 5.660300901217133959e-06 1.162855688863978583e-06 -5.687321066348740965e-06 -9.195891707864436429e-05 8.272334325260093113e-05 -7.292158651097631946e-04 1.093344958585925697e-03 2.761075189895027208e-03 -5.875730214723138157e-04 -4.744332455995456214e-03 1.360108487823730259e-03 2.234856790615708484e-05
1.904776472581724064e-09 -8.113261194931424900e-06 8.556096590388974295e-06 1.130288379675780608e-07 -3.393074890421741872e-06 3.275924338918057076e-05 6.392006583433758386e-07 -1.639885739388832655e-04 -8.825823829307198219e-05 4.010945612262016802e-05 -1.677444395297361868e-05 -1.530015691494948819e-05 2.234856790615708484e-05 8.235009619035867979e-05
