# cosmomc_theta logA ns ombh2 omch2 Alens tau a_tSZ a_kSZ a_p beta_p a_c beta_c a_s
2.641769662134290615e-12 -4.764538973426816474e-09 1.825342369099025609e-09 3.155254505121144888e-11 -6.644342849656117352e-10 2.359139522142962870e-08 -1.541153039863800261e-09 4.426028453091523215e-09 -3.274057215881398357e-08 1.817769843441064949e-08 -3.803989909122643051e-09 -8.136444166126629840e-09 2.959116848679752577e-09 1.300632541530672110e-09
-4.764538973426816474e-09 1.465696760234390362e-04 1.173314094894055496e-06 -1.547333061057879679e-07 5.500565129070143579e-07 -1.695895022936363093e-04 7.313322420337849789e-05 -6.796728656312062621e-05 6.806794187016103087e-05 2.980112225704835855e-05 -1.322912564448323945e-05 -8.683693902520552737e-05 3.752606088138821428e-05 -7.174997143045967875e-06
1.825342369099025609e-09 1.173314094894055496e-06 6.038577298539193756e-06 1.618327932824189636e-08 -1.687920357301991400e-06 2.145011206505228552e-05 3.652272539637352243e-06 7.377985755136521825e-07 -3.280100166830762244e-05 2.239193382192190520e-05 -5.015753958236988346e-06 -1.003005599291282658e-05 5.453367090526509757e-06 2.864694224052153176e-06
3.155254505121144888e-11 -1.547333061057879679e-07 1.618327932824189636e-08 3.171827481877983030e-09 -2.770382821042039713e-08 6.714301267940283301e-07 -5.080963374030642053e-08 9.489014367883473031e-08 -7.485619902600037445e-07 7.490751437918023675e-07 -1.112371994010123957e-07 -8.257507729578705308e-07 1.858346387133795191e-07 2.359856807468407586e-08
-6.644342849656117352e-10 5.500565129070143579e-07 -1.687920357301991400e-06 -2.770382821042039713e-08 9.377491846881252724e-07 -1.432545094058750779e-05 -9.259534579363044461e-07 -8.749983094243680531e-07 5.558786857341766050e-06 -9.746252505330964730e-06 2.228092053128326522e-06 1.206166898541017455e-05 -4.213706614654090333e-06 -6.049704766597194225e-07
2.359139522142962870e-08 -1.695895022936363093e-04 2.145011206505228552e-05 6.714301267940283301e-07 -1.432545094058750779e-05 6.464631989174070758e-04 -6.718757379589596198e-05 1.671829251142632300e-04 -7.991241894382719417e-04 2.464370909347200528e-04 -4.118018219114825821e-05 1.416489261203729697e-05 -8.784660869419217964e-06 1.621374233611715284e-05
-1.541153039863800261e-09 7.313322420337849789e-05 3.652272539637352243e-06 -5.080963374030642053e-08 -9.259534579363044461e-07 -6.718757379589596198e-05 3.849789300979129802e-05 -3.268877459329110231e-05 2.279533469583838078e-05 2.692753228080795285e-05 -9.521201028723557058e-06 -5.318636118235372812e-05 2.320799279972189845e-05 -2.609625698602368553e-06
4.426028453091523215e-09 -6.796728656312062621e-05 7.377985755136521825e-07 9.489014367883473031e-08 -8.749983094243680531e-07 1.671829251142632300e-04 -3.268877459329110231e-05 2.504333424519450488e-03 -3.975601312144200726e-03 2.102692374278749025e-04 1.611593087128966495e-05 1.857263984083705639e-03 -5.800380913038590642e-04 -3.562246072594723451e-04
-3.274057215881398357e-08 6.806794187016103087e-05 -3.280100166830762244e-05 -7.485619902600037445e-07 5.558786857341766050e-06 -7.991241894382719417e-04 2.279533469583838078e-05 -3.975601312144200726e-03 1.121701950922634507e-02 -7.873812804772936007e-04 9.016776175549659120e-05 -4.506410959945653973e-03 1.222397297807664230e-03 2.591286372993690558e-04
1.817769843441064949e-08 2.980112225704835855e-05 2.239193382192190520e-05 7.490751437918023675e-07 -9.746252505330964730e-06 2.464370909347200528e-04 2.692753228080795285e-05 2.102692374278749025e-04 -7.873812804772936007e-04 3.585697645363284617e-03 -5.631091442093062857e-04 -4.533910086392546265e-03 1.024698902955307198e-03 -5.486543195924889840e-05
-3.803989909122643051e-09 -1.322912564448323945e-05 -5.015753958236988346e-06 -1.112371994010123957e-07 2.228092053128326522e-06 -4.118018219114825821e-05 -9.521201028723557058e-06 1.611593087128966495e-05 9.016776175549659120e-05 -5.631091442093062857e-04 1.203729424483284495e-04 7.279238424191033369e-04 -2.265838776701029718e-04 6.032346473046340278e-07
-8.136444166126629840e-09 -8.683693902520552737e-05 -1.003005599291282658e-05 -8.257507729578705308e-07 1.206166898541017455e-05 1.416489261203729697e-05 -5.318636118235372812e-05 1.857263984083705639e-03 -4.506410959945653973e-03 -4.533910086392546265e-03 7.279238424191033369e-04 9.367040415829553171e-03 -2.218499579777003395e-03 -1.321702796915874664e-04
2.959116848679752577e-09 3.752606088138821428e-05 5.453367090526509757e-06 1.858346387133795191e-07 -4.213706614654090333e-06 -8.784660869419217964e-06 2.320799279972189845e-05 -5.800380913038590642e-04 1.222397297807664230e-03 1.024698902955307198e-03 -2.265838776701029718e-04 -2.218499579777003395e-03 6.588275370232213150e-04 5.483268446403691428e-05
1.300632541530672110e-09 -7.174997143045967875e-06 2.864694224052153176e-06 2.359856807468407586e-08 -6.049704766597194225e-07 1.621374233611715284e-05 -2.609625698602368553e-06 -3.562246072594723451e-04 2.591286372993690558e-04 -5.486543195924889840e-05 6.032346473046340278e-07 -1.321702796915874664e-04 5.483268446403691428e-05 1.047367282728176160e-04
