# cosmomc_theta logA ns ombh2 omch2 Alens tau a_tSZ a_kSZ a_p beta_p a_c beta_c a_s
2.113747587059482881e-12 -9.449515478791579271e-10 1.971823757636854715e-09 1.910655982089317389e-11 -7.769721717109568245e-10 1.100359655184327280e-08 5.376198797663406401e-10 -2.704931840380404764e-10 9.701768585164322627e-10 -6.788403788635229513e-10 3.347967414825979224e-10 2.871372208672245149e-09 -1.669643286466626680e-09 9.011961411684366835e-10
-9.449515478791579271e-10 2.197631953914130540e-04 -1.004047260118666391e-05 -8.935084341083031899e-08 2.937485138633102832e-06 -2.517013560362061676e-04 1.040540440554096197e-04 -2.929472512349615108e-05 5.858675929363071428e-05 1.804829307889527332e-05 -7.278884576842705294e-06 -7.572595868116660804e-05 2.690418286357381997e-05 -3.585837684753402716e-06
1.971823757636854715e-09 -1.004047260118666391e-05 9.796712322543171909e-06 -2.720316069624674282e-08 -2.454784485167813035e-06 3.431250348939773615e-05 -9.047134701358076186e-08 -5.900270909877847478e-06 3.852539413627758664e-06 5.225110494297928076e-06 1.652598845891893037e-07 -1.080665706814786307e-05 -2.732223207326678416e-08 3.180927895727675818e-06
1.910655982089317389e-11 -8.935084341083031899e-08 -2.720316069624674282e-08 4.552250452681308861e-09 -2.838014239613004783e-08 5.640089572866715324e-07 -2.945949906252064288e-08 -1.429624438170383183e-07 -8.304836225199081007e-07 1.132805476800707383e-06 -1.721331618306987360e-07 -1.361487526123093021e-06 2.839088397961675365e-07 8.547072262778943618e-08
-7.769721717109568245e-10 2.937485138633102832e-06 -2.454784485167813035e-06 -2.838014239613004783e-08 1.235183974814598087e-06 -1.800806790748843070e-05 -2.067512448830224851e-07 -2.823212908805014343e-06 -1.240623475902362364e-06 2.923957984195628431e-07 -4.584547332282810395e-07 -2.764563153920212600e-06 1.751921907973243255e-06 -3.208780391947677938e-07
1.100359655184327280e-08 -2.517013560362061676e-04 3.431250348939773615e-05 5.640089572866715324e-07 -1.800806790748843070e-05 6.772999113642413655e-04 -9.995753770942496490e-05 -6.226624680371245624e-06 -4.093032667513632071e-04 1.496606226277665105e-04 -1.401565180822296957e-05 -1.119063449909582004e-04 2.076382415545260507e-06 3.348827198543001614e-05
5.376198797663406401e-10 1.040540440554096197e-04 -9.047134701358070892e-08 -2.945949906252064288e-08 -2.067512448830224057e-07 -9.995753770942496490e-05 5.212333316093919387e-05 -1.303791020107348877e-05 3.082872207567037136e-05 8.962531591340686061e-06 -3.002574324765841757e-06 -3.716656143341194368e-05 1.177098952276791789e-05 -1.090512006537893992e-06
-2.704931840380404764e-10 -2.929472512349615108e-05 -5.900270909877847478e-06 -1.429624438170383183e-07 -2.823212908805014343e-06 -6.226624680371245624e-06 -1.303791020107348877e-05 2.108179991560327291e-03 -2.561211069350755043e-03 -5.652531850435987609e-04 1.207348202865781507e-04 2.394484134001549115e-03 -6.121769845130122130e-04 -3.107028530318637271e-04
9.701768585164322627e-10 5.858675929363071428e-05 3.852539413627758664e-06 -8.304836225199081007e-07 -1.240623475902362787e-06 -4.093032667513632071e-04 3.082872207567037136e-05 -2.561211069350755043e-03 9.865064197961135109e-03 -4.078008585995795553e-04 1.073737696250214820e-05 -3.776952904930903302e-03 9.949769269776767566e-04 -1.900898240287499682e-04
-6.788403788635229513e-10 1.804829307889527332e-05 5.225110494297928076e-06 1.132805476800707383e-06 2.923957984195628431e-07 1.496606226277665105e-04 8.962531591340686061e-06 -5.652531850435987609e-04 -4.078008585995795553e-04 5.922506913672354913e-03 -9.681509155554801497e-04 -8.795852673026566607e-03 2.031680102019036132e-03 4.362499442152738971e-05
3.347967414825979224e-10 -7.278884576842705294e-06 1.652598845891893037e-07 -1.721331618306987360e-07 -4.584547332282810395e-07 -1.401565180822296957e-05 -3.002574324765841757e-06 1.207348202865781507e-04 1.073737696250214820e-05 -9.681509155554801497e-04 1.903725570284403134e-04 1.452884435944376725e-03 -3.957331483191365955e-04 -7.659088212295262220e-06
2.871372208672245149e-09 -7.572595868116660804e-05 -1.080665706814786307e-05 -1.361487526123093021e-06 -2.764563153920212600e-06 -1.119063449909582004e-04 -3.716656143341193691e-05 2.394484134001549115e-03 -3.776952904930903302e-03 -8.795852673026566607e-03 1.452884435944376725e-03 1.593836296992071425e-02 -3.726811211985689865e-03 -9.186450299156295144e-05
-1.669643286466626680e-09 2.690418286357381997e-05 -2.732223207326678416e-08 2.839088397961675365e-07 1.751921907973243255e-06 2.076382415545260507e-06 1.177098952276791789e-05 -6.121769845130122130e-04 9.949769269776767566e-04 2.031680102019036132e-03 -3.957331483191365955e-04 -3.726811211985689865e-03 9.952458652578890629e-04 2.175835448099219826e-05
9.011961411684366835e-10 -3.585837684753402716e-06 3.180927895727675818e-06 8.547072262778943618e-08 -3.208780391947677938e-07 3.348827198543001614e-05 -1.090512006537894416e-06 -3.107028530318637271e-04 -1.900898240287499682e-04 4.362499442152738971e-05 -7.659088212295262220e-06 -9.186450299156295144e-05 2.175835448099219826e-05 1.320149194293253586e-04
