# cosmomc_theta logA ns ombh2 omch2 Alens tau a_tSZ a_kSZ a_p beta_p a_c beta_c a_s
2.015734407866643580e-12 -6.062931058011623282e-10 1.953552339139250973e-09 5.179756137590174325e-12 -6.757505906618058152e-10 9.106019720598597468e-09 7.959617306714500721e-10 5.646461166584178341e-09 6.535509734757973637e-09 1.146212839194246623e-09 -7.253284677398024142e-10 2.670175511248263554e-09 -1.317930240865706603e-10 -2.932623486623538269e-09
-6.062931058011623282e-10 2.401358078910430900e-04 -3.029442042967226072e-06 -2.396159853029222405e-07 1.889081059509894196e-06 -2.527075297557543647e-04 1.172506682075220196e-04 1.477792607440426859e-04 -2.465073874228603163e-04 3.210483053569657260e-04 -5.710603370639093468e-05 -3.986695944834930190e-04 9.893364327719134414e-05 -2.060208815512937580e-05
1.953552339139250973e-09 -3.029442042967226072e-06 8.220745649522047385e-06 -3.559565826958778348e-08 -1.683343147899080758e-06 1.302225890967952683e-05 2.402701901323495331e-06 4.289950313996105744e-06 2.242160550991121872e-06 -1.450640453186972428e-05 2.320746498816474514e-06 2.556172520739842402e-05 -7.247148281750564099e-06 -6.650249587111633509e-07
5.179756137590174325e-12 -2.396159853029222405e-07 -3.559565826958778348e-08 4.084880478030885105e-09 -1.695934952634334382e-08 4.880040622877725022e-07 -1.178431387427888567e-07 -6.115124988558777547e-08 -2.087073461990538614e-06 9.549740947615995190e-07 -2.321646210350955029e-07 -6.847660594446193543e-07 3.037194900114509578e-07 2.175279001691117644e-07
-6.757505906618058152e-10 1.889081059509894196e-06 -1.683343147899080758e-06 -1.695934952634334382e-08 7.966068096662164563e-07 -8.494808448603636877e-06 -1.896261037475736337e-07 -2.633020678109280670e-06 -3.443846310967665287e-06 -2.184057309259625355e-06 1.518576756855200590e-06 -3.376437267947619761e-07 -1.896797609885483902e-06 3.689470707359909950e-07
9.106019720598597468e-09 -2.527075297557543647e-04 1.302225890967952683e-05 4.880040622877725022e-07 -8.494808448603636877e-06 5.475243435299774388e-04 -1.144414711462544000e-04 -2.421520582123457867e-04 -2.818135406743888936e-04 -7.361819269708285785e-05 2.612164863664753440e-06 1.707105191103338443e-04 -1.956055493779256945e-05 8.339152421693125851e-05
7.959617306714500721e-10 1.172506682075220196e-04 2.402701901323495331e-06 -1.178431387427888567e-07 -1.896261037475736337e-07 -1.144414711462544000e-04 5.944936453863879018e-05 7.822748812465379670e-05 -1.218388940820854617e-04 1.537180635009298369e-04 -2.811757912151624362e-05 -1.839784794626170760e-04 4.675695227483361090e-05 -1.117719556866596729e-05
5.646461166584178341e-09 1.477792607440426859e-04 4.289950313996105744e-06 -6.115124988558777547e-08 -2.633020678109280670e-06 -2.421520582123457867e-04 7.822748812465379670e-05 1.209853553969768812e-03 -1.293501890455884444e-03 4.836657854343276962e-04 -3.267431290858675635e-05 -3.541794105028606653e-05 -7.437380786653239294e-05 -2.501392328846986928e-04
6.535509734757973637e-09 -2.465073874228603163e-04 2.242160550991121872e-06 -2.087073461990538614e-06 -3.443846310967665287e-06 -2.818135406743888936e-04 -1.218388940820854617e-04 -1.293501890455884444e-03 9.441287305596455723e-03 -2.562559045816001878e-03 3.765463258730720802e-04 5.514968386270937195e-04 -3.102610460869789492e-05 -4.690778084499567006e-04
1.146212839194246623e-09 3.210483053569657260e-04 -1.450640453186972428e-05 9.549740947615995190e-07 -2.184057309259625355e-06 -7.361819269708285785e-05 1.537180635009298369e-04 4.836657854343276962e-04 -2.562559045816001878e-03 6.426670410968159455e-03 -1.041730350865772243e-03 -8.711829861355279564e-03 1.977569194566184112e-03 2.119895277822479517e-06
-7.253284677398024142e-10 -5.710603370639093468e-05 2.320746498816474514e-06 -2.321646210350955029e-07 1.518576756855200590e-06 2.612164863664753440e-06 -2.811757912151624362e-05 -3.267431290858675635e-05 3.765463258730720802e-04 -1.041730350865772243e-03 1.968398755360580455e-04 1.429976906894408215e-03 -3.766747162144943066e-04 -8.263560211067856384e-06
2.670175511248263554e-09 -3.986695944834930190e-04 2.556172520739842402e-05 -6.847660594446193543e-07 -3.376437267947619761e-07 1.707105191103338443e-04 -1.839784794626170760e-04 -3.541794105028606653e-05 5.514968386270937195e-04 -8.711829861355279564e-03 1.429976906894408215e-03 1.365118143253865948e-02 -3.148701153241383836e-03 6.950018797452462652e-05
-1.317930240865706603e-10 9.893364327719134414e-05 -7.247148281750564099e-06 3.037194900114509578e-07 -1.896797609885483902e-06 -1.956055493779256945e-05 4.675695227483361090e-05 -7.437380786653239294e-05 -3.102610460869789492e-05 1.977569194566184112e-03 -3.766747162144943066e-04 -3.148701153241383836e-03 8.361472149170276176e-04 -1.512122210190772559e-06
-2.932623486623538269e-09 -2.060208815512937580e-05 -6.650249587111633509e-07 2.175279001691117644e-07 3.689470707359909950e-07 8.339152421693125851e-05 -1.117719556866596898e-05 -2.501392328846986928e-04 -4.690778084499567006e-04 2.119895277822479517e-06 -8.263560211067856384e-06 6.950018797452462652e-05 -1.512122210190772559e-06 1.595201662075921136e-04
