# cosmomc_theta logA ns ombh2 omch2 Alens tau a_tSZ a_kSZ a_p beta_p a_c beta_c a_s
2.001161698083931935e-12 -2.695844913173056788e-09 2.123311704312659468e-09 4.064098943320113686e-12 -7.283529860373149209e-10 1.215148189412313537e-08 -3.084897213830569241e-10 9.852261077231059125e-10 3.824520157754529132e-09 -9.813814418776741622e-09 1.672985375944676246e-09 1.614071646080606106e-08 -3.578706944616229016e-09 3.762309497729872554e-10
-2.695844913173056788e-09 2.185775626442111065e-04 -8.966927258879236351e-06 2.395070508680856116e-08 3.066907048854278854e-06 -2.518242469109225278e-04 1.039233600147242235e-04 -2.778256459335857908e-05 -1.198127562095374507e-04 1.031946770727382769e-04 -1.846006068136762804e-05 -1.492770905469939621e-04 3.185262136171865542e-05 7.899303095386095211e-06
2.123311704312659468e-09 -8.966927258879236351e-06 1.072038356504709364e-05 -4.645390015103598155e-08 -2.698788443774887768e-06 3.819973373689083718e-05 9.535979564232487709e-07 -9.676149875568311001e-06 1.173753955141816478e-05 1.353583597805273619e-05 -4.242171568983081690e-06 -1.759013762169516030e-05 7.706466142201571853e-06 3.631978149230969742e-06
4.064098943320113686e-12 2.395070508680856116e-08 -4.645390015103598155e-08 4.377312849918827663e-09 -1.684394573056599061e-08 1.801254560678474116e-07 1.527643714454505173e-08 -2.576528493109905744e-07 -2.540015949092876288e-07 5.477036260498244751e-07 -1.135070216198793923e-07 -6.889544407549841804e-07 2.161245534334521481e-07 4.597593290269743036e-08
-7.283529860373149209e-10 3.066907048854278854e-06 -2.698788443774887768e-06 -1.684394573056599061e-08 1.241598997387546546e-06 -1.730788727479949928e-05 -2.207195313011156863e-07 1.389117581072761719e-06 -1.203084127310589455e-05 4.417784317331494014e-06 -1.842863114639493298e-07 -6.738131407636191221e-06 5.168925924383244068e-07 -2.436969965331882883e-07
1.215148189412313537e-08 -2.518242469109225278e-04 3.819973373689083718e-05 1.801254560678474116e-07 -1.730788727479949928e-05 6.292408441153933465e-04 -9.996968231616037721e-05 -5.216936168208596147e-05 -2.527007251126374617e-06 7.121211763663017688e-06 -4.327482648097442054e-06 3.329109584009947194e-06 8.897680674522684914e-06 9.311475376506021882e-06
-3.084897213830569241e-10 1.039233600147242235e-04 9.535979564232487709e-07 1.527643714454505173e-08 -2.207195313011156863e-07 -9.996968231616037721e-05 5.251589602225492214e-05 -1.720515124055618320e-05 -4.861040866832967640e-05 5.429040708400303256e-05 -1.082079870455299920e-05 -7.663818629368774520e-05 1.845161600720156400e-05 4.991575640756064500e-06
9.852261077231059125e-10 -2.778256459335857908e-05 -9.676149875568311001e-06 -2.576528493109905744e-07 1.389117581072761719e-06 -5.216936168208596147e-05 -1.720515124055618320e-05 2.006760779445294126e-03 -2.383547023349705599e-03 -3.775970110074783727e-04 7.984635318106495427e-05 1.994935617366001401e-03 -4.976264641928882654e-04 -3.183001147988766613e-04
3.824520157754529132e-09 -1.198127562095374507e-04 1.173753955141816478e-05 -2.540015949092876288e-07 -1.203084127310589455e-05 -2.527007251126374617e-06 -4.861040866832967640e-05 -2.383547023349705599e-03 8.878590963166139299e-03 -6.913849456433483146e-04 1.142197815376222014e-04 -2.992811388122424993e-03 7.047311413573269928e-04 -1.555364814319182395e-04
-9.813814418776741622e-09 1.031946770727382769e-04 1.353583597805273619e-05 5.477036260498244751e-07 4.417784317331494014e-06 7.121211763663017688e-06 5.429040708400303256e-05 -3.775970110074783727e-04 -6.913849456433483146e-04 6.162274854058603056e-03 -1.043487954773512699e-03 -8.900977531457502159e-03 2.107784429042625779e-03 1.435387314695255346e-05
1.672985375944676246e-09 -1.846006068136762804e-05 -4.242171568983081690e-06 -1.135070216198793923e-07 -1.842863114639493298e-07 -4.327482648097442054e-06 -1.082079870455299920e-05 7.984635318106495427e-05 1.142197815376222014e-04 -1.043487954773512699e-03 2.109951759742838186e-04 1.489853251874103572e-03 -4.157469941510455436e-04 -5.745098188176012651e-06
1.614071646080606106e-08 -1.492770905469939621e-04 -1.759013762169516030e-05 -6.889544407549841804e-07 -6.738131407636191221e-06 3.329109584009947194e-06 -7.663818629368774520e-05 1.994935617366001401e-03 -2.992811388122424993e-03 -8.900977531457502159e-03 1.489853251874103572e-03 1.565097784026510397e-02 -3.669434278166986037e-03 -6.781738876122812962e-05
-3.578706944616229016e-09 3.185262136171865542e-05 7.706466142201571853e-06 2.161245534334521481e-07 5.168925924383244068e-07 8.897680674522684914e-06 1.845161600720156400e-05 -4.976264641928882654e-04 7.047311413573269928e-04 2.107784429042625779e-03 -4.157469941510455436e-04 -3.669434278166986037e-03 9.875774191921531109e-04 2.218204571031429960e-05
3.762309497729872554e-10 7.899303095386095211e-06 3.631978149230969742e-06 4.597593290269743036e-08 -2.436969965331882883e-07 9.311475376506021882e-06 4.991575640756064500e-06 -3.183001147988766613e-04 -1.555364814319182395e-04 1.435387314695255346e-05 -5.745098188176012651e-06 -6.781738876122812962e-05 2.218204571031429960e-05 1.369936218507745085e-04
