# cosmomc_theta logA ns ombh2 omch2 Alens tau a_tSZ a_kSZ a_p beta_p a_c beta_c a_s
1.885463404660050288e-12 -2.924573762434582549e-09 1.681075993574107296e-09 9.506613820024633628e-12 -6.223227739712298195e-10 1.030711428636840194e-08 -5.571114844550395057e-10 -7.066884474584786385e-11 1.429240836375150562e-08 -5.370906430696587855e-09 1.845678386913782562e-09 7.821249004000105799e-09 -3.400793583237261100e-09 -1.620018085600208048e-09
-2.924573762434582549e-09 1.531029683439234237e-04 -6.849169843962220514e-06 7.975286083592376065e-08 2.426007065629226734e-06 -1.634670136422573664e-04 7.246611856245383431e-05 6.098035012407832230e-06 -1.535606704815005745e-04 2.979834438169732809e-04 -4.439446691914618505e-05 -4.670153489276109666e-04 1.040883533464024815e-04 2.101219414635229616e-06
1.681075993574107296e-09 -6.849169843962220514e-06 7.177533545500679823e-06 -1.969133582573036147e-08 -1.896705658109422013e-06 2.276677454552469430e-05 4.414553699683991299e-07 -5.940166128277989704e-06 1.711899545335102341e-05 -1.793415226478739909e-05 3.493125601885907177e-06 3.098618420130770131e-05 -8.151385392530309491e-06 2.414173713261441318e-06
9.506613820024633628e-12 7.975286083592376065e-08 -1.969133582573036147e-08 3.760958266348816664e-09 -2.231575876461467452e-08 1.085560000043198244e-07 5.130400509898515592e-08 -3.901848557825350408e-07 -1.151879110847762126e-07 3.279658347661899193e-07 -7.620245467799035912e-08 -5.218715647012363518e-07 1.834854067089125738e-07 1.125657831816751972e-07
-6.223227739712298195e-10 2.426007065629226734e-06 -1.896705658109422013e-06 -2.231575876461467452e-08 1.028090738864660993e-06 -1.091326346417820875e-05 -1.735195141694428980e-07 3.067625746071371924e-06 -2.496417006948101682e-05 3.171857337389881434e-06 -1.386056247667948162e-07 -1.068349773471288528e-06 -6.280416491400028503e-07 1.124592667837421956e-07
1.030711428636840194e-08 -1.634670136422573664e-04 2.276677454552469430e-05 1.085560000043198244e-07 -1.091326346417820875e-05 4.048531678874561562e-04 -6.493497104798361163e-05 -7.437842903401346037e-05 1.515056287868678903e-04 -2.043322192467881724e-04 3.094606366493023907e-05 2.936571879975389339e-04 -6.510342657951527208e-05 8.198629821449773668e-07
-5.571114844550395057e-10 7.246611856245383431e-05 4.414553699683991299e-07 5.130400509898515592e-08 -1.735195141694429509e-07 -6.493497104798361163e-05 3.670815846899365946e-05 -6.695382374460890637e-07 -4.946398456759357513e-05 1.371472238860937530e-04 -2.012801699172315072e-05 -2.183366506138605481e-04 4.841306423796293631e-05 1.027304847623464107e-06
-7.066884474584786385e-11 6.098035012407832230e-06 -5.940166128277989704e-06 -3.901848557825350408e-07 3.067625746071371924e-06 -7.437842903401346037e-05 -6.695382374460876873e-07 1.906996078759291835e-03 -2.521582670295120700e-03 2.835390833862501384e-05 1.469830827613144120e-05 1.411869324360052764e-03 -3.715111221005072098e-04 -3.056824587807501978e-04
1.429240836375150562e-08 -1.535606704815005745e-04 1.711899545335102341e-05 -1.151879110847762126e-07 -2.496417006948101682e-05 1.515056287868678903e-04 -4.946398456759357513e-05 -2.521582670295120700e-03 9.834031974866028203e-03 -8.194657983211130073e-04 1.171603174958274360e-04 -3.170498704552290967e-03 7.933391839006750717e-04 -1.363265095102445511e-04
-5.370906430696587855e-09 2.979834438169732809e-04 -1.793415226478739909e-05 3.279658347661899193e-07 3.171857337389881434e-06 -2.043322192467881724e-04 1.371472238860937530e-04 2.835390833862501384e-05 -8.194657983211130073e-04 4.589007981098053475e-03 -7.296730270302094696e-04 -6.476613352587483503e-03 1.468023960396948975e-03 -1.415295130641574032e-06
1.845678386913782562e-09 -4.439446691914618505e-05 3.493125601885907177e-06 -7.620245467799035912e-08 -1.386056247667948162e-07 3.094606366493023907e-05 -2.012801699172314733e-05 1.469830827613144120e-05 1.171603174958274360e-04 -7.296730270302094696e-04 1.463324037807977728e-04 1.033844865985069370e-03 -2.902130450353713684e-04 -3.971468345432855705e-06
7.821249004000105799e-09 -4.670153489276109666e-04 3.098618420130770131e-05 -5.218715647012363518e-07 -1.068349773471288528e-06 2.936571879975389339e-04 -2.183366506138605481e-04 1.411869324360052764e-03 -3.170498704552290967e-03 -6.476613352587483503e-03 1.033844865985069370e-03 1.192935441067142881e-02 -2.751172263324983859e-03 -2.529556691556177772e-05
-3.400793583237261100e-09 1.040883533464024815e-04 -8.151385392530309491e-06 1.834854067089125738e-07 -6.280416491400028503e-07 -6.510342657951527208e-05 4.841306423796293631e-05 -3.715111221005072098e-04 7.933391839006750717e-04 1.468023960396948975e-03 -2.902130450353713684e-04 -2.751172263324983859e-03 7.489487660926380432e-04 1.460206445718086488e-05
-1.620018085600208048e-09 2.101219414635229616e-06 2.414173713261441318e-06 1.125657831816751972e-07 1.124592667837421956e-07 8.198629821449773668e-07 1.027304847623464107e-06 -3.056824587807501978e-04 -1.363265095102445511e-04 -1.415295130641574032e-06 -3.971468345432855705e-06 -2.529556691556177772e-05 1.460206445718086488e-05 1.275823055009400828e-04
