# cosmomc_theta logA ns ombh2 omch2 Alens tau a_tSZ a_kSZ a_p beta_p a_c beta_c a_s
1.815969205306199575e-12 -6.260187272785017145e-09 2.262530941090703081e-09 1.069484926843844396e-13 -7.139881667695564928e-10 1.891112719452737695e-08 -2.030926222945164423e-09 5.496341659282178886e-09 -1.186313321479189719e-09 6.225882580818367754e-09 -8.855528716869406355e-10 -7.307982466880141773e-09 1.497754781375881066e-09 -2.154487512790798968e-09
-6.260187272785017145e-09 2.296794340120208425e-04 -1.193919066326498715e-05 -5.445951587926486720e-08 4.962424814898173126e-06 -2.950325426479957422e-04 1.077440077314203526e-04 -2.870411795548857218e-05 -2.184126279976449027e-04 5.847594887367528265e-05 -2.667459280122186672e-05 -4.512608649040689910e-05 3.895735785439668217e-05 2.554522274466782718e-05
2.262530941090703081e-09 -1.193919066326498715e-05 9.843548617614682845e-06 -3.062513718845127685e-08 -2.589007813629556366e-06 4.651992316521302200e-05 -9.282101277997982167e-07 8.473358414721382569e-06 -9.757200862241791799e-06 7.098337776061630222e-06 -1.158724814847394241e-06 -9.063414580227887720e-06 2.345166097222951941e-06 -3.448950999627026040e-06
1.069484926843844396e-13 -5.445951587926486720e-08 -3.062513718845127685e-08 3.363014708708120531e-09 -1.167577695306769261e-08 1.648732053650640262e-07 -2.283392093665542436e-08 -2.453122628436683379e-07 -2.181646263499039520e-08 2.910862368644725078e-07 -4.121762780334065430e-08 -4.725254552386365382e-07 1.088161822681315599e-07 5.698736318732010470e-08
-7.139881667695564928e-10 4.962424814898173126e-06 -2.589007813629556366e-06 -1.167577695306769261e-08 1.246102545911702684e-06 -2.126832540917273913e-05 7.851337729726558889e-07 -5.828559982016611880e-07 -1.129744204202341482e-05 2.874040904346176935e-06 -1.780677822495215399e-07 -2.413099088795436679e-06 -1.883820516271754331e-07 5.468385087882827744e-07
1.891112719452737695e-08 -2.950325426479957422e-04 4.651992316521302200e-05 1.648732053650640262e-07 -2.126832540917273913e-05 7.316531850876177275e-04 -1.166896911355467224e-04 -2.339524108362736100e-05 1.137502734020231078e-04 -4.445434257675125811e-06 6.133330248603960574e-06 -3.258357038111034729e-05 -7.314564850781244107e-07 -7.186412713367623504e-06
-2.030926222945164423e-09 1.077440077314203526e-04 -9.282101277997982167e-07 -2.283392093665542436e-08 7.851337729726558889e-07 -1.166896911355467224e-04 5.334098821352553063e-05 -1.172939251447330723e-05 -1.039056476163320369e-04 3.057439162538213667e-05 -1.375130067492463944e-05 -2.531517523653438700e-05 2.073966351536011323e-05 1.134795066543286316e-05
5.496341659282178886e-09 -2.870411795548857218e-05 8.473358414721382569e-06 -2.453122628436683379e-07 -5.828559982016611880e-07 -2.339524108362736100e-05 -1.172939251447330723e-05 2.072307892350845355e-03 -2.763695174911876256e-03 1.995241186157132760e-04 2.196157465750229372e-05 1.283098959402189515e-03 -4.008366044046356700e-04 -3.282551566182081559e-04
-1.186313321479189719e-09 -2.184126279976449027e-04 -9.757200862241791799e-06 -2.181646263499039520e-08 -1.129744204202341482e-05 1.137502734020231078e-04 -1.039056476163320369e-04 -2.763695174911876256e-03 8.657688557899766504e-03 -1.189944338072684935e-03 1.623945312819645524e-04 -2.162166691373066090e-03 6.040226882662949343e-04 6.241873436429228798e-05
6.225882580818367754e-09 5.847594887367528265e-05 7.098337776061630222e-06 2.910862368644725078e-07 2.874040904346176935e-06 -4.445434257675125811e-06 3.057439162538213667e-05 1.995241186157132760e-04 -1.189944338072684935e-03 3.450067608392606931e-03 -5.512098442720698857e-04 -4.557370714529985350e-03 1.087508889626764017e-03 -4.139468755725554552e-05
-8.855528716869406355e-10 -2.667459280122186672e-05 -1.158724814847394241e-06 -4.121762780334065430e-08 -1.780677822495215399e-07 6.133330248603960574e-06 -1.375130067492463944e-05 2.196157465750229372e-05 1.623945312819645524e-04 -5.512098442720698857e-04 1.183182805978255750e-04 7.600976833247465557e-04 -2.370168501333889738e-04 -1.951427751726239318e-06
-7.307982466880141773e-09 -4.512608649040689910e-05 -9.063414580227887720e-06 -4.725254552386365382e-07 -2.413099088795436679e-06 -3.258357038111034729e-05 -2.531517523653438700e-05 1.283098959402189515e-03 -2.162166691373066090e-03 -4.557370714529985350e-03 7.600976833247465557e-04 8.578239763378988150e-03 -2.127186238427336128e-03 -6.105285889465927678e-05
1.497754781375881066e-09 3.895735785439668217e-05 2.345166097222951941e-06 1.088161822681315599e-07 -1.883820516271754331e-07 -7.314564850781244107e-07 2.073966351536011323e-05 -4.008366044046356700e-04 6.040226882662949343e-04 1.087508889626764017e-03 -2.370168501333889738e-04 -2.127186238427336128e-03 6.413660504686882410e-04 2.763720769146970805e-05
-2.154487512790798968e-09 2.554522274466782718e-05 -3.448950999627026040e-06 5.698736318732010470e-08 5.468385087882827744e-07 -7.186412713367623504e-06 1.134795066543286316e-05 -3.282551566182081559e-04 6.241873436429228798e-05 -4.139468755725554552e-05 -1.951427751726239318e-06 -6.105285889465927678e-05 2.763720769146970805e-05 1.082377677489922027e-04
