# cosmomc_theta logA ns ombh2 omch2 Alens tau a_tSZ a_kSZ a_p beta_p a_c beta_c a_s
1.533709342438215706e-12 -3.563312157319302310e-09 1.707668770834728489e-09 2.400834534395169264e-12 -5.739649068236334838e-10 1.252825723904129439e-08 -9.727719641300300664e-10 4.872180996860161703e-09 1.384796658450142980e-08 1.845766694476748155e-08 -3.291688853246930693e-09 -2.697055860665587110e-08 7.024887985961476843e-09 -4.177268930561280902e-09
-3.563312157319302310e-09 1.614414576707359598e-04 -8.870178361342317321e-06 -8.028274672848857870e-08 4.912223657057211048e-06 -2.729224395861944716e-04 7.318371371503738147e-05 -1.626799831669251568e-05 -1.779657844114245827e-05 -2.002835959950321012e-04 2.169778964258654356e-05 2.141727424142902503e-04 -3.057625191864194602e-05 7.646546927622148294e-06
1.707668770834728489e-09 -8.870178361342317321e-06 1.273541447541552574e-05 -6.668351682606166350e-08 -2.844411513171419537e-06 4.426786645155890589e-05 1.647558890692830878e-06 -2.139966852146819737e-05 9.599910896851006456e-05 1.248285638179763611e-04 -2.599856348486849050e-05 -2.107084776168097250e-04 6.081099331041250151e-05 -1.255478451698387600e-05
2.400834534395169264e-12 -8.028274672848857870e-08 -6.668351682606166350e-08 3.146284947756081864e-09 -3.415746461929675332e-09 2.611256592385969908e-07 -5.101992902556867894e-08 5.404613872555943746e-07 -2.210734255414535516e-06 -6.829518420619144779e-07 1.671040473484199590e-07 1.900415252296426487e-06 -5.470205017016839480e-07 6.850343945000641561e-08
-5.739649068236334838e-10 4.912223657057211048e-06 -2.844411513171419537e-06 -3.415746461929675332e-09 1.183792371406382227e-06 -2.213055600703168549e-05 6.976790149863309114e-07 4.572787589986448908e-06 -2.812380961052577443e-05 -2.036212022603794256e-05 4.690335677772769697e-06 3.386087222945866710e-05 -1.068164792653495121e-05 2.568450942987558442e-06
1.252825723904129439e-08 -2.729224395861944716e-04 4.426786645155890589e-05 2.611256592385969908e-07 -2.213055600703168549e-05 7.913645904503070500e-04 -1.028192002321508936e-04 1.739565552669414348e-05 3.124464273065965701e-05 6.245739826104284740e-04 -1.006456833863959301e-04 -7.674645489533782339e-04 1.827181243842285110e-04 -2.874256311087670124e-05
-9.727719641300300664e-10 7.318371371503738147e-05 1.647558890692830878e-06 -5.101992902556867894e-08 6.976790149863309114e-07 -1.028192002321509071e-04 3.620863671432712587e-05 -1.270883574318632855e-05 2.677663091290710527e-05 -4.726392809804128860e-05 -2.353709390622216515e-07 2.492962652065735325e-05 9.140795185665680239e-06 -2.193855998301531150e-06
4.872180996860161703e-09 -1.626799831669251568e-05 -2.139966852146819737e-05 5.404613872555943746e-07 4.572787589986448908e-06 1.739565552669414348e-05 -1.270883574318632855e-05 2.599144546893587988e-03 -4.280922611496781535e-03 -1.289138669560505350e-03 3.397723460677670119e-04 3.923740555938683323e-03 -1.172080372704778538e-03 -2.701526843092978778e-04
1.384796658450142980e-08 -1.779657844114245827e-05 9.599910896851006456e-05 -2.210734255414535516e-06 -2.812380961052577443e-05 3.124464273065965701e-05 2.677663091290710527e-05 -4.280922611496781535e-03 1.229148688577405037e-02 3.171485352351133009e-03 -8.385716898087478607e-04 -1.001414907691380168e-02 3.005361209778022007e-03 -3.044970750992010908e-05
1.845766694476748155e-08 -2.002835959950321012e-04 1.248285638179763611e-04 -6.829518420619144779e-07 -2.036212022603794256e-05 6.245739826104284740e-04 -4.726392809804126827e-05 -1.289138669560505350e-03 3.171485352351133009e-03 7.655615172763332449e-03 -1.429876223674762369e-03 -1.270058071754663620e-02 3.338816091600346758e-03 -1.979585411138840923e-04
-3.291688853246930693e-09 2.169778964258654356e-05 -2.599856348486849050e-05 1.671040473484199590e-07 4.690335677772769697e-06 -1.006456833863959301e-04 -2.353709390622216515e-07 3.397723460677670119e-04 -8.385716898087478607e-04 -1.429876223674762369e-03 3.018115433672724284e-04 2.475006417423946184e-03 -7.131577236639144533e-04 3.584678006549498191e-05
-2.697055860665587110e-08 2.141727424142902503e-04 -2.107084776168097250e-04 1.900415252296426487e-06 3.386087222945866710e-05 -7.674645489533782339e-04 2.492962652065735325e-05 3.923740555938683323e-03 -1.001414907691380168e-02 -1.270058071754663620e-02 2.475006417423946184e-03 2.403763099444914189e-02 -6.469500382564795371e-03 2.272708346303550743e-04
7.024887985961476843e-09 -3.057625191864194602e-05 6.081099331041250151e-05 -5.470205017016839480e-07 -1.068164792653495121e-05 1.827181243842285110e-04 9.140795185665680239e-06 -1.172080372704778538e-03 3.005361209778022007e-03 3.338816091600346758e-03 -7.131577236639144533e-04 -6.469500382564795371e-03 1.863809591674806497e-03 -6.047720121548384720e-05
-4.177268930561280902e-09 7.646546927622148294e-06 -1.255478451698387600e-05 6.850343945000641561e-08 2.568450942987558442e-06 -2.874256311087670124e-05 -2.193855998301531150e-06 -2.701526843092978778e-04 -3.044970750992010908e-05 -1.979585411138840923e-04 3.584678006549498191e-05 2.272708346303550743e-04 -6.047720121548384720e-05 1.073128057827452613e-04
