# cosmomc_theta logA ns ombh2 omch2 Alens tau a_tSZ a_kSZ a_p beta_p a_c beta_c a_s
2.178176668429390984e-12 -1.053502522316052557e-09 1.905517208554993258e-09 5.356986213872524081e-12 -7.209236361253303049e-10 1.136934332348703349e-08 4.060975742112097972e-10 5.204603896354302780e-09 1.663490685263414076e-09 -2.775602751148626574e-09 2.638347007096653965e-10 5.035436449155688725e-09 -1.049149781544721013e-09 -8.446942027195560287e-10
-1.053502522316052557e-09 1.831666394344003818e-04 -1.116917886436193815e-05 1.989505636520544022e-08 3.051939709960995196e-06 -2.203348715108977181e-04 8.516641218327171696e-05 2.466739737895856511e-05 -1.128816572643347741e-04 3.678986791173615556e-05 -9.312669020291521280e-06 -1.936957374443286058e-05 1.370031409219967681e-05 -2.377007717798439307e-06
1.905517208554993258e-09 -1.116917886436193815e-05 9.943264805970433227e-06 -4.638619522496037212e-08 -2.464215965773919869e-06 3.955617415986923026e-05 -5.872233483754361921e-07 -4.760974268506163244e-06 3.950183296955871034e-06 2.252034965156846921e-05 -3.291342177711900427e-06 -3.371745701071151701e-05 7.147738358796871443e-06 1.729117614114832933e-06
5.356986213872524081e-12 1.989505636520544022e-08 -4.638619522496037212e-08 4.441590190063828959e-09 -2.164689508750970827e-08 2.613625902594328286e-07 1.646462639045649853e-08 -1.467361852450933051e-07 -8.265694048920853901e-07 5.444267957769155924e-07 -9.131643675003996076e-08 -4.579860312591575014e-07 1.173520498114926723e-07 8.137936098760011554e-08
-7.209236361253303049e-10 3.051939709960995196e-06 -2.464215965773919869e-06 -2.164689508750970827e-08 1.208634147268727819e-06 -1.809748326689913057e-05 -1.493823022761611867e-07 1.241557269758527958e-06 -8.155943997762355442e-06 -1.945013405964746215e-06 1.241598533190782021e-07 4.151373552464245586e-06 -4.871197833730092132e-07 -5.610772383808065630e-07
1.136934332348703349e-08 -2.203348715108977181e-04 3.955617415986923026e-05 2.613625902594328286e-07 -1.809748326689913057e-05 6.328623855318343079e-04 -8.326047676474840711e-05 -1.013336877741168068e-04 -1.315657631099923159e-04 1.641390395571899839e-04 -2.193687292202214971e-05 -2.520495027167019377e-04 5.232794905418235805e-05 4.020201702269617886e-05
4.060975742112097972e-10 8.516641218327171696e-05 -5.872233483754361921e-07 1.646462639045649853e-08 -1.493823022761611867e-07 -8.326047676474840711e-05 4.243239121754827542e-05 9.656569095637910913e-06 -4.521503107207561038e-05 2.213445231310420255e-05 -4.871366873642883677e-06 -1.819514355833313330e-05 7.956240659641325438e-06 -5.123106217678479025e-07
5.204603896354302780e-09 2.466739737895856511e-05 -4.760974268506163244e-06 -1.467361852450933051e-07 1.241557269758527958e-06 -1.013336877741168068e-04 9.656569095637910913e-06 1.961787185800985701e-03 -2.511528623985129043e-03 -8.034904340908813163e-05 2.649720817887901266e-05 1.640900347871415525e-03 -4.296757935346101143e-04 -3.161438753186263497e-04
1.663490685263414076e-09 -1.128816572643347741e-04 3.950183296955871034e-06 -8.265694048920853901e-07 -8.155943997762355442e-06 -1.315657631099923159e-04 -4.521503107207561038e-05 -2.511528623985129043e-03 1.057021324714557502e-02 -2.015631011448196057e-03 3.816653488706273729e-04 -1.800271213951412132e-03 3.395520784729413248e-04 -1.758328949519870094e-04
-2.775602751148626574e-09 3.678986791173615556e-05 2.252034965156846921e-05 5.444267957769155924e-07 -1.945013405964746215e-06 1.641390395571899839e-04 2.213445231310420255e-05 -8.034904340908813163e-05 -2.015631011448196057e-03 5.897854620935549623e-03 -9.793449528483298000e-04 -7.685043195859661731e-03 1.920106213988027584e-03 4.513517899151730758e-05
2.638347007096653965e-10 -9.312669020291521280e-06 -3.291342177711900427e-06 -9.131643675003996076e-08 1.241598533190782021e-07 -2.193687292202214971e-05 -4.871366873642885371e-06 2.649720817887901266e-05 3.816653488706273729e-04 -9.793449528483298000e-04 1.947812664593754153e-04 1.239629477217537310e-03 -3.694063088099017156e-04 -1.389907397566132074e-05
5.035436449155688725e-09 -1.936957374443286058e-05 -3.371745701071151701e-05 -4.579860312591575014e-07 4.151373552464245586e-06 -2.520495027167019377e-04 -1.819514355833313330e-05 1.640900347871415525e-03 -1.800271213951412132e-03 -7.685043195859661731e-03 1.239629477217537310e-03 1.300654062764450454e-02 -3.174247316247395291e-03 -1.192725639310321807e-04
-1.049149781544721013e-09 1.370031409219967681e-05 7.147738358796871443e-06 1.173520498114926723e-07 -4.871197833730092132e-07 5.232794905418235805e-05 7.956240659641325438e-06 -4.296757935346101143e-04 3.395520784729413248e-04 1.920106213988027584e-03 -3.694063088099017156e-04 -3.174247316247395291e-03 8.966929581910199499e-04 4.365938712376633520e-05
-8.446942027195560287e-10 -2.377007717798439307e-06 1.729117614114832933e-06 8.137936098760011554e-08 -5.610772383808065630e-07 4.020201702269617886e-05 -5.123106217678479025e-07 -3.161438753186263497e-04 -1.758328949519870094e-04 4.513517899151730758e-05 -1.389907397566132074e-05 -1.192725639310321807e-04 4.365938712376633520e-05 1.355013221189551556e-04
