# cosmomc_theta logA ns ombh2 omch2 Alens tau a_tSZ a_kSZ a_p beta_p a_c beta_c a_s
1.913504481143071797e-12 -2.452387019585510763e-10 1.984028424104461737e-09 7.919350611405458827e-12 -6.712487428127726704e-10 1.103768577420701468e-08 8.343547413547333907e-10 -2.877816231200243466e-09 1.146014796821664764e-08 -3.859840389096896678e-10 1.518122062971892024e-10 -1.849463598650828356e-09 1.881625988798970269e-10 2.789370742526860795e-11
-2.452387019585510763e-10 2.103422958394678317e-04 -9.538934991023527860e-06 3.001106847128443185e-08 2.576874276911516843e-06 -2.433745688456084529e-04 9.996506842699457579e-05 -1.465636646947105302e-05 -1.487056624270835438e-04 7.316488672494937348e-05 -1.045180318721385491e-05 -8.073300406225526684e-05 1.823007361472516223e-05 8.208562335308846759e-06
1.984028424104461737e-09 -9.538934991023527860e-06 1.015470828764302045e-05 -4.234631295457058364e-08 -2.537261686795874247e-06 4.213721040907273335e-05 3.741502565749345457e-07 -1.551850716088559273e-06 1.665993695291873147e-05 3.970351641439812908e-06 -5.097730525250092830e-07 -5.007267701437730476e-06 1.088326029680963350e-06 -8.223538331319359523e-07
7.919350611405458827e-12 3.001106847128443185e-08 -4.234631295457058364e-08 4.122382950267856071e-09 -2.110918462357446208e-08 2.808304635006139876e-07 2.073348777257788844e-08 -3.358557492756107329e-07 -3.735890620582219058e-08 4.470686294629479704e-07 -1.103911811144841067e-07 -7.099288347316033840e-07 2.383400305304352241e-07 7.590712884759545039e-08
-6.712487428127726704e-10 2.576874276911516843e-06 -2.537261686795874247e-06 -2.110918462357446208e-08 1.186630264862494988e-06 -1.803607296648122353e-05 -3.776951178540370320e-07 -2.600895310775196490e-07 -1.080571153095281026e-05 1.045029411339686485e-06 -1.186981253853482545e-08 -2.319576500442282997e-06 3.938585892480822633e-07 5.266342501010291232e-07
1.103768577420701468e-08 -2.433745688456084529e-04 4.213721040907273335e-05 2.808304635006139876e-07 -1.803607296648122353e-05 6.658029904934857938e-04 -9.391197567795356630e-05 -5.341388006617756501e-05 5.139332132555564841e-05 4.211393921278516273e-05 -1.024537683424143130e-05 -7.227254680393457138e-05 1.990510241681791586e-05 3.211164578962172147e-06
8.343547413547333907e-10 9.996506842699457579e-05 3.741502565749345457e-07 2.073348777257788844e-08 -3.776951178540370320e-07 -9.391197567795356630e-05 5.044963462813044011e-05 -7.104322874922851364e-06 -6.100509600925868554e-05 3.459860681901376903e-05 -5.036124029599962513e-06 -3.661232342104978971e-05 8.326911877341734220e-06 3.129654297512990674e-06
-2.877816231200243466e-09 -1.465636646947105302e-05 -1.551850716088559273e-06 -3.358557492756107329e-07 -2.600895310775196490e-07 -5.341388006617756501e-05 -7.104322874922851364e-06 2.068094955622666424e-03 -2.716703269562844268e-03 -1.965547488077736969e-04 5.875546028531680129e-05 1.947865441949031204e-03 -5.276291019219034794e-04 -3.033314879476034379e-04
1.146014796821664764e-08 -1.487056624270835438e-04 1.665993695291873147e-05 -3.735890620582221043e-08 -1.080571153095281026e-05 5.139332132555564841e-05 -6.100509600925868554e-05 -2.716703269562844268e-03 9.185504958902293224e-03 -8.371340423707375727e-04 1.161879672715796500e-04 -3.215402532234979197e-03 8.291316433746962790e-04 -9.619382042761621661e-05
-3.859840389096896678e-10 7.316488672494937348e-05 3.970351641439812908e-06 4.470686294629479704e-07 1.045029411339686485e-06 4.211393921278516273e-05 3.459860681901376903e-05 -1.965547488077736969e-04 -8.371340423707375727e-04 5.988808119718138159e-03 -9.956556608586646876e-04 -8.323196507769140690e-03 2.071781698357047941e-03 -9.566597660782146415e-06
1.518122062971892024e-10 -1.045180318721385491e-05 -5.097730525250092830e-07 -1.103911811144841067e-07 -1.186981253853482545e-08 -1.024537683424143130e-05 -5.036124029599961666e-06 5.875546028531680129e-05 1.161879672715796500e-04 -9.956556608586646876e-04 1.997001004779318581e-04 1.400037542988688761e-03 -4.118517199714182291e-04 -2.546748967494765890e-06
-1.849463598650828356e-09 -8.073300406225526684e-05 -5.007267701437730476e-06 -7.099288347316033840e-07 -2.319576500442282997e-06 -7.227254680393457138e-05 -3.661232342104978971e-05 1.947865441949031204e-03 -3.215402532234979197e-03 -8.323196507769140690e-03 1.400037542988688761e-03 1.469339470675097743e-02 -3.680212078235330954e-03 -4.782186458415429867e-05
1.881625988798970269e-10 1.823007361472516223e-05 1.088326029680963350e-06 2.383400305304352241e-07 3.938585892480822633e-07 1.990510241681791586e-05 8.326911877341735914e-06 -5.276291019219034794e-04 8.291316433746962790e-04 2.071781698357047941e-03 -4.118517199714182291e-04 -3.680212078235330954e-03 1.051407308939985219e-03 2.018560790851544476e-05
2.789370742526860795e-11 8.208562335308846759e-06 -8.223538331319359523e-07 7.590712884759545039e-08 5.266342501010291232e-07 3.211164578962172147e-06 3.129654297512990674e-06 -3.033314879476034379e-04 -9.619382042761621661e-05 -9.566597660782146415e-06 -2.546748967494765890e-06 -4.782186458415429867e-05 2.018560790851544476e-05 1.256063598759258292e-04
