# cosmomc_theta logA ns ombh2 omch2 Alens tau a_tSZ a_kSZ a_p beta_p a_c beta_c a_s
1.363841240321506284e-12 -2.365671633513945322e-10 1.334021323437114734e-09 1.299581555199713076e-11 -5.260365551062785774e-10 9.065900766599978533e-09 5.253892978757276706e-10 8.890721269068061259e-09 -1.343381667228126124e-08 1.005213618767496092e-08 -1.212617269383839298e-09 -7.880815681336896620e-09 1.358186542757231762e-09 -1.260891195644523442e-09
-2.365671633513945322e-10 7.372176550331822626e-05 -6.812967075816307598e-06 -1.902334759399103839e-07 4.031433157784673487e-06 -1.396883133619906069e-04 3.067430840626627557e-05 6.865241603533533867e-05 -8.579517357243977448e-05 2.712007366263579798e-04 -4.350990513163880178e-05 -3.691800499106220618e-04 8.842650114231798847e-05 -2.687225579326449560e-05
1.334021323437114734e-09 -6.812967075816307598e-06 9.711389544644876751e-06 -2.973030384374924487e-08 -2.866826496189298944e-06 4.413056176830414920e-05 1.834799709702862535e-06 -6.558939389817046764e-06 6.854930598586861310e-06 -1.806158992119079012e-05 3.610862684841933568e-06 3.828858472355468738e-05 -9.431515848151500450e-06 2.880934230469170803e-06
1.299581555199713076e-11 -1.902334759399103839e-07 -2.973030384374924487e-08 4.346674668517823206e-09 -2.903606154105379849e-08 6.219345104411470007e-07 -7.500927494518326872e-08 -2.884120622928042437e-07 5.393872816546919859e-07 -3.596732154683467575e-07 5.108249310889742973e-08 3.766313717837602497e-08 -2.136069656137388915e-08 5.966075287927763308e-08
-5.260365551062785774e-10 4.031433157784673487e-06 -2.866826496189298944e-06 -2.903606154105379849e-08 1.514228709152540578e-06 -2.420417740836115162e-05 -4.286786823412895405e-08 5.394118687706868766e-06 -2.140159280949533032e-05 2.348561870615740579e-05 -4.081686847345851666e-06 -3.102403149510417254e-05 7.909012819507386309e-06 -1.376427045293100742e-06
9.065900766599978533e-09 -1.396883133619906069e-04 4.413056176830414920e-05 6.219345104411470007e-07 -2.420417740836115162e-05 6.652970038274643024e-04 -3.559801374394532680e-05 -1.178178687827873699e-04 -1.044975190982198524e-04 -5.371483452970144930e-04 7.485454666985654371e-05 8.657051374231259722e-04 -1.864297398563203331e-04 6.422543973337769717e-05
5.253892978757276706e-10 3.067430840626627557e-05 1.834799709702862535e-06 -7.500927494518326872e-08 -4.286786823412895405e-08 -3.559801374394532680e-05 1.570555992446060373e-05 2.779410047074270962e-05 -2.215529317719011951e-05 1.069217435538714163e-04 -1.646260616133795042e-05 -1.430281115112713676e-04 3.327100170654927679e-05 -1.118127609717095243e-05
8.890721269068061259e-09 6.865241603533533867e-05 -6.558939389817046764e-06 -2.884120622928042437e-07 5.394118687706868766e-06 -1.178178687827873699e-04 2.779410047074270962e-05 1.701586665504129610e-03 -2.878945763578211886e-03 1.013615196379874322e-04 5.692954716222187768e-06 1.410589449762425724e-03 -3.955541362681653725e-04 -2.307770254067546790e-04
-1.343381667228126124e-08 -8.579517357243977448e-05 6.854930598586861310e-06 5.393872816546919859e-07 -2.140159280949533032e-05 -1.044975190982198524e-04 -2.215529317719011951e-05 -2.878945763578211886e-03 1.084192567692410236e-02 -1.588149487933545852e-03 3.981288257454334363e-04 -3.021529639863373886e-03 4.869266318420801144e-04 -4.622605149296754465e-05
1.005213618767496092e-08 2.712007366263579798e-04 -1.806158992119079012e-05 -3.596732154683467575e-07 2.348561870615740579e-05 -5.371483452970144930e-04 1.069217435538714163e-04 1.013615196379874322e-04 -1.588149487933545852e-03 5.185192805250162483e-03 -8.476546579836630917e-04 -6.845122084663382567e-03 1.667773379596729048e-03 -6.271593514961694817e-05
-1.212617269383839298e-09 -4.350990513163880178e-05 3.610862684841933568e-06 5.108249310889742973e-08 -4.081686847345851666e-06 7.485454666985654371e-05 -1.646260616133795042e-05 5.692954716222187768e-06 3.981288257454334363e-04 -8.476546579836630917e-04 1.726281752793608511e-04 1.041405940509262289e-03 -3.159342046166485770e-04 -3.926046050485496573e-06
-7.880815681336896620e-09 -3.691800499106220618e-04 3.828858472355468738e-05 3.766313717837602497e-08 -3.102403149510417254e-05 8.657051374231259722e-04 -1.430281115112713676e-04 1.410589449762425724e-03 -3.021529639863373886e-03 -6.845122084663382567e-03 1.041405940509262289e-03 1.240186715507153592e-02 -2.868280467543837375e-03 8.917181280068503752e-05
1.358186542757231762e-09 8.842650114231798847e-05 -9.431515848151500450e-06 -2.136069656137388915e-08 7.909012819507386309e-06 -1.864297398563203331e-04 3.327100170654927679e-05 -3.955541362681653725e-04 4.869266318420801144e-04 1.667773379596729048e-03 -3.159342046166485770e-04 -2.868280467543837375e-03 7.882236608143257904e-04 7.240110063059633782e-06
-1.260891195644523442e-09 -2.687225579326449560e-05 2.880934230469170803e-06 5.966075287927763308e-08 -1.376427045293100742e-06 6.422543973337769717e-05 -1.118127609717095243e-05 -2.307770254067546790e-04 -4.622605149296754465e-05 -6.271593514961694817e-05 -3.926046050485496573e-06 8.917181280068503752e-05 7.240110063059633782e-06 1.029376608992997176e-04
