# cosmomc_theta logA ns ombh2 omch2 Alens tau a_tSZ a_kSZ a_p beta_p a_c beta_c a_s
1.537765542934886886e-12 -3.154271693979220980e-09 1.769588126354124140e-09 -2.075959769122989430e-12 -6.841092358997896296e-10 1.386543807218102539e-08 -6.334030962201012664e-10 5.806357893071611237e-09 1.090384353706565816e-08 -8.360653437418570409e-09 1.119497798919058194e-09 1.094608310844108457e-08 -2.338380070015204041e-09 -2.374597094173790119e-09
-3.154271693979220980e-09 8.508142508645868919e-05 -8.529352096111321200e-06 -7.831027498683453655e-08 3.471691643247028276e-06 -1.308615472997498108e-04 3.693623135292417044e-05 1.124763230849001405e-05 4.090930425349900647e-05 1.038260052939468317e-04 -2.753378169520207994e-05 -2.093870591125580893e-04 6.616116007220658056e-05 -1.312997606466703258e-05
1.769588126354124140e-09 -8.529352096111321200e-06 1.091409394015414885e-05 -8.489805083897335563e-08 -2.705063305907062095e-06 4.326978304000670490e-05 1.360574537087740126e-06 -1.159640091156112976e-06 1.389713372762167936e-05 -1.701318804778971969e-05 1.993954759350510058e-06 2.843679983422495441e-05 -6.304855678218153259e-06 9.008124053897365019e-07
-2.075959769122989430e-12 -7.831027498683453655e-08 -8.489805083897335563e-08 4.513014048327697185e-09 -5.276901605031498067e-09 6.642317504285328754e-08 -5.661652887663466271e-08 -1.427743068590447778e-07 -5.470141126055142738e-07 -1.656984664506162006e-09 3.861069754433356745e-08 9.478683284070841667e-08 -1.094789863135240831e-07 6.885618295394337103e-08
-6.841092358997896296e-10 3.471691643247028276e-06 -2.705063305907062095e-06 -5.276901605031498067e-09 1.215474356525898606e-06 -1.823467711657613538e-05 -8.555350344807955233e-08 -1.531542367590210147e-06 -1.979271892015834885e-05 2.220142783946750081e-05 -3.688536757362722122e-06 -3.021697698166809888e-05 7.822547482531121146e-06 4.937393241037585274e-07
1.386543807218102539e-08 -1.308615472997498108e-04 4.326978304000670490e-05 6.642317504285328754e-08 -1.823467711657613538e-05 5.912103415097523344e-04 -3.527836888579603792e-05 -5.411375589380091471e-06 -3.152032355956293336e-04 -2.115929686560751673e-04 3.521198712918119681e-05 4.494021718377769225e-04 -1.129940368577780560e-04 3.810316240507684494e-05
-6.334030962201012664e-10 3.693623135292417044e-05 1.360574537087740126e-06 -5.661652887663466271e-08 -8.555350344807955233e-08 -3.527836888579603792e-05 1.912567522915687340e-05 7.188881099764939412e-06 4.010851554994852630e-05 2.616444252250808047e-05 -9.534287867320816756e-06 -6.895767845351381202e-05 2.376669155645924272e-05 -6.745310627067136823e-06
5.806357893071611237e-09 1.124763230849001405e-05 -1.159640091156112976e-06 -1.427743068590447778e-07 -1.531542367590210147e-06 -5.411375589380091471e-06 7.188881099764939412e-06 1.639829939394034982e-03 -1.938067351954192918e-03 -2.424113839461373824e-04 7.208275311344881995e-05 1.551259072369478827e-03 -4.594015768681521117e-04 -2.704366373714641304e-04
1.090384353706565816e-08 4.090930425349900647e-05 1.389713372762167936e-05 -5.470141126055142738e-07 -1.979271892015834885e-05 -3.152032355956293336e-04 4.010851554994852630e-05 -1.938067351954192918e-03 9.819279960319046707e-03 -2.062216946255765113e-03 3.629656455583763191e-04 -1.353587971411039127e-03 3.188933996786903692e-04 -2.613465782115293574e-04
-8.360653437418570409e-09 1.038260052939468317e-04 -1.701318804778971969e-05 -1.656984664506162006e-09 2.220142783946750081e-05 -2.115929686560751673e-04 2.616444252250808047e-05 -2.424113839461373824e-04 -2.062216946255765113e-03 6.183438485171124065e-03 -9.739618273437459974e-04 -8.530482695465118476e-03 1.981792524219872821e-03 7.372912365673994306e-05
1.119497798919058194e-09 -2.753378169520207994e-05 1.993954759350510058e-06 3.861069754433356745e-08 -3.688536757362722122e-06 3.521198712918119681e-05 -9.534287867320816756e-06 7.208275311344881995e-05 3.629656455583763191e-04 -9.739618273437459974e-04 1.917743557460869369e-04 1.330282907746036230e-03 -3.785773300772148596e-04 -2.144040767289890232e-05
1.094608310844108457e-08 -2.093870591125580893e-04 2.843679983422495441e-05 9.478683284070841667e-08 -3.021697698166809888e-05 4.494021718377769225e-04 -6.895767845351381202e-05 1.551259072369478827e-03 -1.353587971411039127e-03 -8.530482695465118476e-03 1.330282907746036230e-03 1.461904541977246744e-02 -3.409279077079880108e-03 -7.007366758796134331e-05
-2.338380070015204041e-09 6.616116007220658056e-05 -6.304855678218153259e-06 -1.094789863135240831e-07 7.822547482531121146e-06 -1.129940368577780560e-04 2.376669155645924272e-05 -4.594015768681521117e-04 3.188933996786903692e-04 1.981792524219872821e-03 -3.785773300772148596e-04 -3.409279077079880108e-03 9.360868148614773752e-04 3.795267331911151052e-05
-2.374597094173790119e-09 -1.312997606466703258e-05 9.008124053897365019e-07 6.885618295394337103e-08 4.937393241037585274e-07 3.810316240507684494e-05 -6.745310627067136823e-06 -2.704366373714641304e-04 -2.613465782115293574e-04 7.372912365673994306e-05 -2.144040767289890232e-05 -7.007366758796134331e-05 3.795267331911151052e-05 1.271233758313564696e-04
