# cosmomc_theta logA ns ombh2 omch2 Alens
1.820297767550855444e-12 -2.000006620546478776e-09 2.081918631038840085e-09 6.980606779917512239e-12 -6.832804815311237319e-10 1.222655505174073593e-08
-2.000006620546478776e-09 1.303287723504760313e-05 -1.097715206911756584e-05 -3.045137595328912479e-09 3.420884369477052857e-06 -5.933116937230008498e-05
2.081918631038840085e-09 -1.097715206911756584e-05 1.068302650079378171e-05 -4.669652829910852235e-08 -2.657125761613513692e-06 4.319642983067462479e-05
6.980606779917512239e-12 -3.045137595328912479e-09 -4.669652829910852235e-08 3.487479476469142949e-09 -1.787127734127117981e-08 1.996151663666536938e-07
-6.832804815311237319e-10 3.420884369477052857e-06 -2.657125761613513692e-06 -1.787127734127117981e-08 1.182415010114455036e-06 -1.992805573042868419e-05
1.222655505174073593e-08 -5.933116937230008498e-05 4.319642983067462479e-05 1.996151663666536938e-07 -1.992805573042868419e-05 4.419971556621336991e-04
