# cosmomc_theta logA ns ombh2 omch2 Alens tau a_tSZ a_kSZ a_p beta_p a_c beta_c a_s
2.001418897008498426e-12 -1.602008150551801394e-09 2.066414241807016548e-09 1.405763673754033556e-11 -7.983664561369049840e-10 1.347779949787137371e-08 2.729426467880391293e-10 4.398737853071368131e-09 1.391635581668693082e-09 2.167441612021768848e-09 -4.033223078693364024e-10 9.616184405363326528e-10 -3.137152037109214438e-10 -1.212201943443327866e-09
-1.602008150551801394e-09 2.092154378850383776e-04 -6.095563182016010814e-06 -6.886741529782853730e-08 2.395522464574810048e-06 -2.535117727830141676e-04 1.003950602096934222e-04 -4.534887993112669472e-05 -3.875930974437328386e-05 3.318404934734859282e-06 -1.924525964884230941e-06 -2.950674906952975720e-05 8.579497319651240321e-06 1.265384379983464005e-05
2.066414241807016548e-09 -6.095563182016010814e-06 1.070666648542951071e-05 -4.062724008220506453e-08 -2.895860888588266166e-06 4.261255818754625845e-05 2.529134364209009394e-06 8.037835403352760141e-07 2.732296286364850497e-06 2.622027298423185469e-06 -1.973551728970776767e-08 1.027163382179576312e-07 -1.139950305112149844e-06 -1.114485349216399963e-06
1.405763673754033556e-11 -6.886741529782853730e-08 -4.062724008220506453e-08 4.069437326893646313e-09 -1.987057495846203026e-08 3.580587571198918051e-07 -2.954471863977711768e-08 -2.982068067938276339e-08 -2.709154372738058996e-07 6.489017383519516114e-07 -1.259488640809164169e-07 -9.536840267741973717e-07 2.466729513363617421e-07 2.638347665308013867e-08
-7.983664561369049840e-10 2.395522464574810048e-06 -2.895860888588266166e-06 -1.987057495846203026e-08 1.346886160288664970e-06 -1.936699167426850384e-05 -6.848362051436411521e-07 -3.219557260983974483e-06 -6.666470729272273290e-06 9.788925468359490152e-07 -3.548063379415836741e-07 -1.841962322668507641e-06 9.576159800503972928e-07 1.054200306783412781e-06
1.347779949787137371e-08 -2.535117727830141676e-04 4.261255818754625845e-05 3.580587571198918051e-07 -1.936699167426850384e-05 7.081588954734495877e-04 -9.769679828498578416e-05 1.585173953107001292e-05 -2.299995347877951209e-04 1.713854706040260172e-04 -2.729066401816179345e-05 -1.728954319226296921e-04 3.788250979252086109e-05 -3.290420883353853598e-08
2.729426467880391293e-10 1.003950602096934222e-04 2.529134364209008971e-06 -2.954471863977711768e-08 -6.848362051436411521e-07 -9.769679828498578416e-05 5.147548320813029869e-05 -1.964456399773450513e-05 -1.148786875238805702e-05 -8.250811340912577528e-07 -4.541542503503447765e-07 -9.750982029752185834e-06 2.661814217859188593e-06 4.977763694240346260e-06
4.398737853071368131e-09 -4.534887993112669472e-05 8.037835403352760141e-07 -2.982068067938276339e-08 -3.219557260983974483e-06 1.585173953107001292e-05 -1.964456399773450513e-05 2.232638552356880184e-03 -3.525081062429746923e-03 -3.202962609481765574e-04 1.039096604592086695e-04 2.546825624679880263e-03 -6.856941835685706477e-04 -2.576811792621877778e-04
1.391635581668692875e-09 -3.875930974437328386e-05 2.732296286364849650e-06 -2.709154372738058996e-07 -6.666470729272273290e-06 -2.299995347877951209e-04 -1.148786875238805702e-05 -3.525081062429746923e-03 1.199143276663217073e-02 -3.967368243808092401e-04 1.725167339776344889e-05 -5.017400687509405294e-03 1.241340679537069475e-03 -1.204788260047195595e-04
2.167441612021768848e-09 3.318404934734859282e-06 2.622027298423185469e-06 6.489017383519516114e-07 9.788925468359490152e-07 1.713854706040260172e-04 -8.250811340912577528e-07 -3.202962609481765574e-04 -3.967368243808092401e-04 5.784413670748148398e-03 -9.848285629467268699e-04 -8.512254290748642524e-03 1.962799288867989739e-03 2.485714239330009904e-05
-4.033223078693364024e-10 -1.924525964884230941e-06 -1.973551728970776767e-08 -1.259488640809164169e-07 -3.548063379415836741e-07 -2.729066401816179345e-05 -4.541542503503454648e-07 1.039096604592086695e-04 1.725167339776343873e-05 -9.848285629467268699e-04 2.021185004312512799e-04 1.478178240740029388e-03 -4.047046924024731728e-04 -1.053820373878030027e-05
9.616184405363326528e-10 -2.950674906952975720e-05 1.027163382179576312e-07 -9.536840267741973717e-07 -1.841962322668507641e-06 -1.728954319226296921e-04 -9.750982029752185834e-06 2.546825624679880263e-03 -5.017400687509405294e-03 -8.512254290748642524e-03 1.478178240740029388e-03 1.610574888773190494e-02 -3.776381958351067002e-03 -9.237163683844784839e-05
-3.137152037109214438e-10 8.579497319651240321e-06 -1.139950305112149844e-06 2.466729513363617421e-07 9.576159800503972928e-07 3.788250979252086109e-05 2.661814217859188593e-06 -6.856941835685706477e-04 1.241340679537069475e-03 1.962799288867989739e-03 -4.047046924024731728e-04 -3.776381958351067002e-03 1.016056150295931073e-03 3.556930266171641996e-05
-1.212201943443327866e-09 1.265384379983464005e-05 -1.114485349216399963e-06 2.638347665308013867e-08 1.054200306783412781e-06 -3.290420883353853598e-08 4.977763694240344566e-06 -2.576811792621877778e-04 -1.204788260047195595e-04 2.485714239330009904e-05 -1.053820373878030027e-05 -9.237163683844784839e-05 3.556930266171641996e-05 1.089884553310019549e-04
