# cosmomc_theta logA ns ombh2 omch2 Alens tau a_tSZ a_kSZ a_p beta_p a_c beta_c a_s
1.346514496814259736e-12 -2.429005786296564883e-09 2.151363410425608821e-09 1.216369605844852803e-11 -6.355114272231470027e-10 1.238483019367448222e-08 -4.885710099252763169e-11 1.373181625338188770e-09 -5.144643687440786552e-09 -7.851533005942917783e-10 4.631002313534472639e-10 2.659777168994592673e-09 -1.001811023165729880e-09 -8.973140283904229677e-11
-2.429005786296564883e-09 1.002344338889460558e-04 -9.940227309224717832e-06 5.055234416835313733e-08 2.419006449617572188e-06 -1.220830823621194201e-04 4.451124015440503735e-05 -4.283186080959914226e-05 -3.775372025823775231e-05 1.514365272080974009e-04 -2.737120255293309460e-05 -2.548043009897743593e-04 6.883169602166579095e-05 1.389120528171944191e-05
2.151363410425608821e-09 -9.940227309224717832e-06 1.099021713350178955e-05 -4.897484298908574859e-08 -2.769345112461072706e-06 4.173910042038775234e-05 9.597965245772506197e-07 3.989890301297076459e-05 -9.237485638659453967e-06 -4.383800775023179456e-05 1.036983873434789456e-05 8.463205511224186314e-05 -2.443327057137139726e-05 -1.005576869046395559e-05
1.216369605844852803e-11 5.055234416835313733e-08 -4.897484298908574859e-08 3.525292666426520648e-09 -1.115765392880437139e-08 1.875111549130170191e-07 1.957762229927348931e-08 -4.471963405070208384e-07 -1.625178998318937726e-07 1.039996930851726227e-06 -1.837285220703597481e-07 -1.569044761414562050e-06 3.937220753968465469e-07 1.139686350651268338e-07
-6.355114272231470027e-10 2.419006449617572188e-06 -2.769345112461072706e-06 -1.115765392880437139e-08 1.136432679258361668e-06 -1.548771348084567912e-05 -6.113537688810954128e-07 -1.402987160318799953e-05 3.271364845812233431e-06 1.692234274857593181e-05 -3.841530926387788769e-06 -3.687833607349927221e-05 1.025376795867332598e-05 2.947653262023445695e-06
1.238483019367448222e-08 -1.220830823621194201e-04 4.173910042038775234e-05 1.875111549130170191e-07 -1.548771348084567912e-05 4.530331227123191853e-04 -3.341739317467664255e-05 5.641893027355232430e-05 -4.417928548386962904e-05 -1.541229618655638950e-04 2.803147931453814308e-05 3.102557562358210924e-04 -8.531304355264795309e-05 -1.837901212866442755e-05
-4.885710099252763169e-11 4.451124015440503735e-05 9.597965245772506197e-07 1.957762229927348931e-08 -6.113537688810954128e-07 -3.341739317467664255e-05 2.307509152927229867e-05 3.172463145732627324e-06 -2.276402900928320352e-05 4.630164966423103119e-05 -6.810181830154846920e-06 -6.783712536953293254e-05 1.743086376812905491e-05 1.240630975360436291e-06
1.373181625338188770e-09 -4.283186080959914226e-05 3.989890301297076459e-05 -4.471963405070208384e-07 -1.402987160318799953e-05 5.641893027355232430e-05 3.172463145732631136e-06 1.528859745386424926e-03 -1.562761158927802960e-03 -8.720721548180015124e-04 1.824369045479669511e-04 2.370299114940683464e-03 -6.073342979142455286e-04 -2.388676173391150238e-04
-5.144643687440786552e-09 -3.775372025823775231e-05 -9.237485638659453967e-06 -1.625178998318937726e-07 3.271364845812233431e-06 -4.417928548386962904e-05 -2.276402900928320690e-05 -1.562761158927802960e-03 5.797595193597241542e-03 8.382599133142514284e-04 -1.103961597066682645e-04 -3.991437632313764305e-03 8.369313473365773198e-04 -1.345437011637480096e-04
-7.851533005942917783e-10 1.514365272080974009e-04 -4.383800775023179456e-05 1.039996930851726227e-06 1.692234274857593181e-05 -1.541229618655638950e-04 4.630164966423103119e-05 -8.720721548180015124e-04 8.382599133142514284e-04 7.593804570194905186e-03 -1.317440383223979260e-03 -1.219031040264932815e-02 2.883647974419385057e-03 -4.387095238053488036e-05
4.631002313534472639e-10 -2.737120255293309460e-05 1.036983873434789456e-05 -1.837285220703597481e-07 -3.841530926387788769e-06 2.803147931453814308e-05 -6.810181830154846920e-06 1.824369045479669511e-04 -1.103961597066682645e-04 -1.317440383223979260e-03 2.538141791979943267e-04 2.104221859045237591e-03 -5.411103283928743370e-04 3.425755782474652479e-06
2.659777168994592673e-09 -2.548043009897743593e-04 8.463205511224186314e-05 -1.569044761414562050e-06 -3.687833607349927221e-05 3.102557562358210924e-04 -6.783712536953293254e-05 2.370299114940683464e-03 -3.991437632313764305e-03 -1.219031040264932815e-02 2.104221859045237591e-03 2.170818271883456080e-02 -5.103672269001852113e-03 3.569284142261677930e-05
-1.001811023165729880e-09 6.883169602166579095e-05 -2.443327057137139726e-05 3.937220753968465469e-07 1.025376795867332598e-05 -8.531304355264795309e-05 1.743086376812905491e-05 -6.073342979142455286e-04 8.369313473365773198e-04 2.883647974419385057e-03 -5.411103283928743370e-04 -5.103672269001852113e-03 1.285262639240194104e-03 6.897633012558881377e-07
-8.973140283904229677e-11 1.389120528171944191e-05 -1.005576869046395559e-05 1.139686350651268338e-07 2.947653262023445695e-06 -1.837901212866442755e-05 1.240630975360436291e-06 -2.388676173391150238e-04 -1.345437011637480096e-04 -4.387095238053488036e-05 3.425755782474652479e-06 3.569284142261677930e-05 6.897633012558881377e-07 1.060486766637775937e-04
