# cosmomc_theta logA ns ombh2 omch2 Alens tau a_tSZ a_kSZ a_p beta_p a_c beta_c a_s
1.550202121922260883e-12 -1.765997133744782432e-09 1.891613755057917246e-09 -5.908234355743385448e-12 -3.952966065057320614e-10 6.193484132459355605e-09 -1.050560430531890516e-10 3.819528335017675267e-09 1.581679432678520762e-08 6.171680272196417742e-09 -1.535474976333467680e-09 -1.806301525006275993e-08 5.167437145802308629e-09 -3.714397105588753806e-09
-1.765997133744782432e-09 6.467397692673678127e-05 -5.387364212018586087e-06 6.640486573750946101e-08 9.884361148115004056e-07 -7.887500476938758215e-05 2.918256520691237657e-05 -7.127214629131349131e-06 -1.100220421328055567e-04 -1.227851986445796647e-04 2.759374747937773915e-05 1.917865953292066910e-04 -5.192410581454128530e-05 1.670244255174334282e-05
1.891613755057917246e-09 -5.387364212018586087e-06 8.974218266613693545e-06 -6.424149636862550795e-08 -1.730643443545296240e-06 2.278793440021785881e-05 1.711176407657304439e-06 1.543676639242197001e-05 2.199989810609284981e-06 4.798654861670088731e-05 -7.728243239252889957e-06 -7.448180608453049871e-05 1.696799737340080975e-05 -6.481453363540062307e-06
-5.908234355743385448e-12 6.640486573750946101e-08 -6.424149636862550795e-08 3.884273729185567211e-09 -1.158495623644005895e-08 2.729439941180993324e-08 2.323231736425719927e-08 -3.576543663881435689e-07 2.212513151819830748e-07 -2.078234276772206105e-07 4.042799843412118960e-08 2.232483383486909035e-07 -4.813937579237928674e-08 7.198091111076935318e-08
-3.952966065057320614e-10 9.884361148115004056e-07 -1.730643443545296240e-06 -1.158495623644005895e-08 8.463711148147194797e-07 -1.033556616449706123e-05 -7.591569803149722520e-07 -5.461633935164173942e-06 -8.701371846489865380e-06 -7.457726614245132139e-06 1.017508769870216178e-06 1.275024718695095477e-05 -2.433437933781083522e-06 2.518832928176899804e-06
6.193484132459355605e-09 -7.887500476938758215e-05 2.278793440021785881e-05 2.729439941180993324e-08 -1.033556616449706123e-05 3.520851619673038006e-04 -2.207338935462692254e-05 4.426678324681451943e-05 -7.683111333864343950e-05 3.123392772715939962e-04 -5.410088436210683423e-05 -4.321799347087255504e-04 9.522672029179167854e-05 -3.340453651352580659e-05
-1.050560430531890516e-10 2.918256520691237657e-05 1.711176407657304439e-06 2.323231736425719927e-08 -7.591569803149722520e-07 -2.207338935462692254e-05 1.569509812710740670e-05 5.918186556320550597e-06 -4.637453986850073432e-05 -4.144530259007725588e-05 1.069593215909234674e-05 6.505003987701127516e-05 -1.925652562507589106e-05 3.976055427775362232e-06
3.819528335017675267e-09 -7.127214629131349131e-06 1.543676639242197001e-05 -3.576543663881435689e-07 -5.461633935164173942e-06 4.426678324681451943e-05 5.918186556320550597e-06 1.803822430165462126e-03 -2.695508619686844045e-03 -8.817558160891813298e-05 5.193084740376454906e-05 1.586128588925133070e-03 -4.021909380350960741e-04 -2.400287555581776954e-04
1.581679432678520762e-08 -1.100220421328055567e-04 2.199989810609284981e-06 2.212513151819830748e-07 -8.701371846489865380e-06 -7.683111333864343950e-05 -4.637453986850073432e-05 -2.695508619686844045e-03 1.040237432602165481e-02 5.918935464971017153e-04 -1.339889384190802142e-04 -5.689250708257574847e-03 1.281777631480087408e-03 -2.187138202681391836e-04
6.171680272196417742e-09 -1.227851986445796647e-04 4.798654861670088731e-05 -2.078234276772206105e-07 -7.457726614245132139e-06 3.123392772715939962e-04 -4.144530259007725588e-05 -8.817558160891813298e-05 5.918935464971017153e-04 5.914651420499529230e-03 -1.005373761323544732e-03 -8.992361914802087311e-03 2.047355843790972692e-03 -1.840222673875727437e-04
-1.535474976333467680e-09 2.759374747937773915e-05 -7.728243239252889957e-06 4.042799843412118960e-08 1.017508769870216178e-06 -5.410088436210683423e-05 1.069593215909234674e-05 5.193084740376454906e-05 -1.339889384190802142e-04 -1.005373761323544732e-03 2.123199712931317644e-04 1.543018022475393458e-03 -4.241244570592157858e-04 2.966502279192271866e-05
-1.806301525006275993e-08 1.917865953292066910e-04 -7.448180608453049871e-05 2.232483383486909035e-07 1.275024718695095477e-05 -4.321799347087255504e-04 6.505003987701127516e-05 1.586128588925133070e-03 -5.689250708257574847e-03 -8.992361914802087311e-03 1.543018022475393458e-03 1.672425989645678901e-02 -3.794787980780784699e-03 3.075042817114731074e-04
5.167437145802308629e-09 -5.192410581454128530e-05 1.696799737340080975e-05 -4.813937579237928674e-08 -2.433437933781083522e-06 9.522672029179167854e-05 -1.925652562507589106e-05 -4.021909380350960741e-04 1.281777631480087408e-03 2.047355843790972692e-03 -4.241244570592157858e-04 -3.794787980780784699e-03 1.002519342630679797e-03 -6.715161780206502088e-05
-3.714397105588753806e-09 1.670244255174334282e-05 -6.481453363540062307e-06 7.198091111076935318e-08 2.518832928176899804e-06 -3.340453651352580659e-05 3.976055427775362232e-06 -2.400287555581776954e-04 -2.187138202681391836e-04 -1.840222673875727437e-04 2.966502279192271866e-05 3.075042817114731074e-04 -6.715161780206502088e-05 1.238809257101837599e-04
