# cosmomc_theta logA ns ombh2 omch2 Alens tau a_tSZ a_kSZ a_p beta_p a_c beta_c a_s
1.739427733393300590e-12 1.249066460605568440e-09 1.351994384968445948e-09 -5.977407048547251717e-13 -5.506505155808481646e-10 5.955401616093061058e-09 1.223715263074151366e-09 -3.008155331054762155e-09 7.543454104380451675e-09 -7.940024107166528748e-09 8.559262410099586399e-10 7.274466481793270948e-09 -1.320373376919968405e-09 2.097423335811826951e-09
1.249066460605568440e-09 1.544554522641164679e-04 1.947212587243822025e-06 1.692478637334964001e-07 -1.901511284993448929e-06 -1.497465179893818282e-04 7.834586301190400140e-05 3.259636988868570471e-05 -1.639964680042074296e-04 1.905166228731540728e-04 -3.739717715333946415e-05 -1.818511380140399388e-04 5.620721439960893933e-05 -1.054548954782238976e-05
1.351994384968445948e-09 1.947212587243822025e-06 1.228217095609972882e-05 -9.972783017498795106e-08 -2.823981307718891728e-06 3.165326708141844714e-05 7.096391145643584848e-06 -1.777013410584265618e-05 4.083020334540276561e-06 -3.609391517057810157e-05 5.915566830295761789e-06 4.920308841157710759e-05 -1.247725435074737926e-05 6.456557048989580319e-06
-5.977407048547251717e-13 1.692478637334964001e-07 -9.972783017498795106e-08 4.921351361013417875e-09 -1.022689341983361755e-08 2.854792209061683065e-09 6.713219377003809623e-08 1.861971780647043904e-07 -8.840586697827349069e-09 1.278821801612242965e-06 -2.104618604059689592e-07 -1.723350159843574754e-06 4.174826405928854210e-07 -1.355624618697708961e-07
-5.506505155808481646e-10 -1.901511284993448929e-06 -2.823981307718891728e-06 -1.022689341983361755e-08 1.313651397172517529e-06 -1.528038741630560223e-05 -2.839977678066410816e-06 -2.613438193892804693e-06 -4.735206350111061639e-06 8.711471623120423122e-06 -1.296490784516080469e-06 -1.509762752912789891e-05 3.123357637885530160e-06 3.974689245126766831e-07
5.955401616093061058e-09 -1.497465179893818282e-04 3.165326708141844714e-05 2.854792209061683065e-09 -1.528038741630560223e-05 5.358106550938105317e-04 -5.091079096032882827e-05 1.006974838558192602e-05 -6.338366421866197800e-05 -1.577655448745985160e-04 3.844555745707524039e-05 2.683905727937274037e-04 -8.384927878162891552e-05 1.981419698659032250e-05
1.223715263074151366e-09 7.834586301190398785e-05 7.096391145643584848e-06 6.713219377003809623e-08 -2.839977678066410816e-06 -5.091079096032882827e-05 4.337436301141906945e-05 1.472991002046905945e-05 -8.144799228646358992e-05 7.745572438054158966e-05 -1.552900734772140649e-05 -5.952359890983481089e-05 1.999672899488598148e-05 -3.854015384962242743e-06
-3.008155331054762155e-09 3.259636988868570471e-05 -1.777013410584265618e-05 1.861971780647043904e-07 -2.613438193892804693e-06 1.006974838558192602e-05 1.472991002046905945e-05 1.748276277825431928e-03 -2.421317770223431129e-03 -3.462924574105871603e-04 1.196551921824728221e-04 1.925236742296114641e-03 -5.719908502164057192e-04 -2.338554767369475972e-04
7.543454104380451675e-09 -1.639964680042074296e-04 4.083020334540276561e-06 -8.840586697827349069e-09 -4.735206350111061639e-06 -6.338366421866197800e-05 -8.144799228646358992e-05 -2.421317770223431129e-03 8.332772871238010998e-03 -7.532659263805519456e-04 1.048821591399543506e-05 -2.926721276825925647e-03 9.153240936155914277e-04 -5.264007280143472538e-05
-7.940024107166528748e-09 1.905166228731540728e-04 -3.609391517057810157e-05 1.278821801612242965e-06 8.711471623120423122e-06 -1.577655448745985160e-04 7.745572438054158966e-05 -3.462924574105871603e-04 -7.532659263805519456e-04 4.600257786433946568e-03 -7.881761430078850720e-04 -6.466418697396896995e-03 1.570201487610580404e-03 6.180430026224687618e-05
8.559262410099586399e-10 -3.739717715333946415e-05 5.915566830295761789e-06 -2.104618604059689592e-07 -1.296490784516080469e-06 3.844555745707524039e-05 -1.552900734772140649e-05 1.196551921824728221e-04 1.048821591399543506e-05 -7.881761430078850720e-04 1.622772969571278381e-04 1.143900831944811864e-03 -3.296387394776484304e-04 -1.608651548254983206e-05
7.274466481793270948e-09 -1.818511380140399388e-04 4.920308841157710759e-05 -1.723350159843574754e-06 -1.509762752912789891e-05 2.683905727937274037e-04 -5.952359890983481089e-05 1.925236742296114641e-03 -2.926721276825925647e-03 -6.466418697396896995e-03 1.143900831944811864e-03 1.188775361193961100e-02 -2.932857757341263139e-03 -1.394983627532410994e-04
-1.320373376919968405e-09 5.620721439960893933e-05 -1.247725435074737926e-05 4.174826405928854210e-07 3.123357637885530160e-06 -8.384927878162891552e-05 1.999672899488598148e-05 -5.719908502164057192e-04 9.153240936155914277e-04 1.570201487610580404e-03 -3.296387394776484304e-04 -2.932857757341263139e-03 8.331148978026872622e-04 4.467384638196719509e-05
2.097423335811826951e-09 -1.054548954782238976e-05 6.456557048989580319e-06 -1.355624618697708961e-07 3.974689245126766831e-07 1.981419698659032250e-05 -3.854015384962242743e-06 -2.338554767369475972e-04 -5.264007280143472538e-05 6.180430026224687618e-05 -1.608651548254983206e-05 -1.394983627532410994e-04 4.467384638196719509e-05 9.488831083309726122e-05
