# cosmomc_theta logA ns ombh2 omch2 Alens tau a_tSZ a_kSZ a_p beta_p a_c beta_c a_s
2.293120469153521458e-12 -2.577642082068049102e-09 1.942018375679686223e-09 1.715641642638824219e-11 -7.443162154999111147e-10 1.272217872252322025e-08 -4.011787046465280690e-10 6.401663165545081349e-09 -1.515836268334084116e-08 1.424588700895340645e-09 -4.866339285118992195e-10 9.805665400816372148e-09 -2.668612981174376429e-09 1.114084123266049747e-09
-2.577642082068049102e-09 2.394325199163227025e-04 -7.666826608369307187e-06 6.173542663565219602e-08 1.208209759454982123e-06 -2.950667699817570346e-04 1.169526337343136034e-04 -1.781750413554832206e-05 2.118299598482427382e-04 2.037872899975086242e-04 -4.964247188467914887e-05 -3.979727629006768940e-04 1.283558489414974766e-04 -1.774051745186886237e-05
1.942018375679686223e-09 -7.666826608369307187e-06 1.222467004901774546e-05 -8.136096707719793017e-08 -2.770285385575381223e-06 4.533425666478852004e-05 2.109020147234558219e-06 9.720495364250212746e-06 -7.532559255648224952e-05 -2.275008820091418366e-05 4.060324767019766002e-06 6.615622420054419238e-05 -1.696762911282998865e-05 4.801279048379305911e-06
1.715641642638824219e-11 6.173542663565219602e-08 -8.136096707719793017e-08 3.993779452247200811e-09 -8.491484699715501541e-09 -1.738515638860787345e-08 1.191151069499041282e-08 1.964921204587408900e-07 9.309724466623017946e-08 5.533471380664797607e-07 -7.564950979171323682e-08 -5.785039335551619357e-07 1.111070407392555517e-07 -1.007651122011333983e-07
-7.443162154999111147e-10 1.208209759454982123e-06 -2.770285385575381223e-06 -8.491484699715501541e-09 1.157158187308688619e-06 -1.605810914134107693e-05 -1.088190267842604203e-06 -6.813749038606137507e-06 1.146020827394211984e-05 7.081587521151581667e-06 -1.065132126967354022e-06 -2.133531942168566018e-05 4.866728196197887786e-06 2.505756425074818752e-07
1.272217872252322025e-08 -2.950667699817570346e-04 4.533425666478852004e-05 -1.738515638860787345e-08 -1.605810914134107693e-05 7.184454922063107131e-04 -1.214166978800542194e-04 4.334627341710211147e-05 -7.097096166963662734e-04 -2.043339035093442286e-04 5.186978643188515679e-05 5.960536710445332341e-04 -1.831598378344213743e-04 4.569060521141024138e-05
-4.011787046465280690e-10 1.169526337343136034e-04 2.109020147234558219e-06 1.191151069499041282e-08 -1.088190267842604203e-06 -1.214166978800542194e-04 6.045623311798269329e-05 6.407209979069345874e-07 7.535396578661858805e-05 8.280549145525068562e-05 -2.144966918133186213e-05 -1.544102939026493495e-04 5.311769302718510454e-05 -7.987941447589611482e-06
6.401663165545081349e-09 -1.781750413554832206e-05 9.720495364250212746e-06 1.964921204587408900e-07 -6.813749038606137507e-06 4.334627341710211147e-05 6.407209979069322580e-07 2.011221076099028657e-03 -2.712256167876851438e-03 -2.029320121804021704e-06 4.832023048883220132e-05 1.596197017065828071e-03 -4.846003236087523865e-04 -2.953745360196534625e-04
-1.515836268334084116e-08 2.118299598482427382e-04 -7.532559255648224952e-05 9.309724466623017946e-08 1.146020827394211984e-05 -7.097096166963662734e-04 7.535396578661857450e-05 -2.712256167876851438e-03 1.035579418180967472e-02 -9.666569306503429047e-04 5.326441556117804919e-05 -3.510407382789857648e-03 1.116624015365610349e-03 -1.403737635483140456e-04
1.424588700895340645e-09 2.037872899975086242e-04 -2.275008820091418366e-05 5.533471380664797607e-07 7.081587521151581667e-06 -2.043339035093442286e-04 8.280549145525068562e-05 -2.029320121804021704e-06 -9.666569306503429047e-04 5.380551051553127129e-03 -9.149663894504428364e-04 -7.269682607244264821e-03 1.743464095025954895e-03 -5.597399289230536195e-05
-4.866339285118992195e-10 -4.964247188467914887e-05 4.060324767019766002e-06 -7.564950979171323682e-08 -1.065132126967354022e-06 5.186978643188515679e-05 -2.144966918133186213e-05 4.832023048883220132e-05 5.326441556117804919e-05 -9.149663894504428364e-04 1.841208380107067452e-04 1.285657949196210943e-03 -3.628367828990483861e-04 4.774731538511122604e-06
9.805665400816372148e-09 -3.979727629006768940e-04 6.615622420054419238e-05 -5.785039335551619357e-07 -2.133531942168566018e-05 5.960536710445332341e-04 -1.544102939026493495e-04 1.596197017065828071e-03 -3.510407382789857648e-03 -7.269682607244264821e-03 1.285657949196210943e-03 1.305669510575359175e-02 -3.245827791106103977e-03 6.807024878585857665e-05
-2.668612981174376429e-09 1.283558489414974766e-04 -1.696762911282998865e-05 1.111070407392555517e-07 4.866728196197887786e-06 -1.831598378344213743e-04 5.311769302718510454e-05 -4.846003236087523865e-04 1.116624015365610349e-03 1.743464095025954895e-03 -3.628367828990483861e-04 -3.245827791106103977e-03 9.217693814121967651e-04 -8.618363330009805364e-06
1.114084123266049747e-09 -1.774051745186886237e-05 4.801279048379305911e-06 -1.007651122011333983e-07 2.505756425074818752e-07 4.569060521141024138e-05 -7.987941447589614870e-06 -2.953745360196534625e-04 -1.403737635483140456e-04 -5.597399289230536195e-05 4.774731538511122604e-06 6.807024878585857665e-05 -8.618363330009805364e-06 1.301275442752206871e-04
