# cosmomc_theta logA ns ombh2 omch2 Alens tau a_tSZ a_kSZ a_p beta_p a_c beta_c a_s
1.909564179405595225e-12 -2.708133891233199315e-09 2.057375308731452539e-09 1.639063215325508741e-11 -7.779983463626776660e-10 1.474464256886658031e-08 -2.688375767443300688e-10 1.143036165624585874e-09 4.748015723623988557e-09 5.146815045692279417e-09 -8.799585575306305647e-10 -6.469170855025614981e-09 1.294971960932635150e-09 -7.490735590443678717e-10
-2.708133891233199315e-09 1.843303220084528801e-04 -1.162585685148363401e-05 5.410113491581058010e-10 3.388027489517016293e-06 -2.340167398241780521e-04 8.563188562692335332e-05 -4.587119611690061412e-05 3.277555521108568111e-05 -1.385179533159935987e-05 7.879668925366907522e-07 -5.134940128290195309e-05 1.585951490767189144e-05 1.018648801374478531e-05
2.057375308731452539e-09 -1.162585685148363401e-05 1.059521605116436642e-05 -3.397041251117528940e-08 -2.805211244371373943e-06 4.529274341181662285e-05 -3.785368868292633410e-07 -2.337679372973566333e-06 -9.208761130902579737e-06 1.656807285243827943e-05 -3.153617937015031790e-06 -1.316174357874831297e-05 3.308557575330935262e-06 1.622213359216766717e-06
1.639063215325508741e-11 5.410113491581058010e-10 -3.397041251117528940e-08 4.126338401419898894e-09 -2.040662399252214625e-08 3.272929869873491895e-07 6.889956793062216452e-09 -3.234044436659133952e-07 -4.597549353165703375e-07 6.717451257975352677e-07 -1.270956845135415247e-07 -9.252799865729593302e-07 2.364139388134208290e-07 1.013033384326146654e-07
-7.779983463626776660e-10 3.388027489517016293e-06 -2.805211244371373943e-06 -2.040662399252214625e-08 1.287326781043566078e-06 -2.044328274995583814e-05 -1.126787533491124147e-07 5.482966376920587235e-07 -1.613626530596199164e-06 -4.756517889723121447e-06 7.813052722419479746e-07 4.699317558845642547e-06 -9.178751910337024185e-07 -5.881927265755795508e-07
1.474464256886658031e-08 -2.340167398241780521e-04 4.529274341181662285e-05 3.272929869873491895e-07 -2.044328274995583814e-05 7.064004165676285221e-04 -8.728794799493132727e-05 -1.174481415709310182e-05 -3.406857789467442597e-04 2.479870925414774880e-04 -3.801447624132186967e-05 -2.136040267088913343e-04 4.234436719104207121e-05 2.339053117906875583e-05
-2.688375767443300688e-10 8.563188562692335332e-05 -3.785368868292634998e-07 6.889956793062216452e-09 -1.126787533491123882e-07 -8.728794799493132727e-05 4.277138487751224003e-05 -2.348608283269136766e-05 1.565583034456081803e-05 -1.125144556873851160e-06 -6.927308204330946625e-07 -2.853789865444217953e-05 8.469553322132920706e-06 5.955240441640997920e-06
1.143036165624585874e-09 -4.587119611690061412e-05 -2.337679372973566333e-06 -3.234044436659133952e-07 5.482966376920587235e-07 -1.174481415709310182e-05 -2.348608283269136766e-05 2.164203728565944514e-03 -3.134935844918051908e-03 -2.081043083249054545e-04 6.574268598542325919e-05 2.176228309450874750e-03 -5.723295922422119795e-04 -3.138916470299774010e-04
4.748015723623988557e-09 3.277555521108568111e-05 -9.208761130902579737e-06 -4.597549353165703375e-07 -1.613626530596199164e-06 -3.406857789467442597e-04 1.565583034456081464e-05 -3.134935844918051908e-03 1.057072843748422565e-02 -9.706840624607513930e-04 1.212947532959384660e-04 -3.629253542756411249e-03 9.435075105152647239e-04 -4.622621690877404455e-05
5.146815045692279417e-09 -1.385179533159935987e-05 1.656807285243827943e-05 6.717451257975352677e-07 -4.756517889723121447e-06 2.479870925414774880e-04 -1.125144556873851160e-06 -2.081043083249054545e-04 -9.706840624607516099e-04 5.437895452430349143e-03 -9.156841120086077349e-04 -7.559557200245829202e-03 1.794323935667209522e-03 5.287980464687831718e-06
-8.799585575306305647e-10 7.879668925366907522e-07 -3.153617937015031790e-06 -1.270956845135415247e-07 7.813052722419479746e-07 -3.801447624132186967e-05 -6.927308204330941331e-07 6.574268598542325919e-05 1.212947532959384660e-04 -9.156841120086077349e-04 1.839662598457078916e-04 1.288741582539817531e-03 -3.598640952454212460e-04 -4.314901431955338578e-06
-6.469170855025614981e-09 -5.134940128290195309e-05 -1.316174357874831297e-05 -9.252799865729593302e-07 4.699317558845642547e-06 -2.136040267088913343e-04 -2.853789865444216937e-05 2.176228309450874750e-03 -3.629253542756411249e-03 -7.559557200245829202e-03 1.288741582539817531e-03 1.388181793488667964e-02 -3.320606223814012714e-03 -9.660252878814707994e-05
1.294971960932635150e-09 1.585951490767189144e-05 3.308557575330935262e-06 2.364139388134208290e-07 -9.178751910337024185e-07 4.234436719104207121e-05 8.469553322132920706e-06 -5.723295922422119795e-04 9.435075105152647239e-04 1.794323935667209522e-03 -3.598640952454212460e-04 -3.320606223814012714e-03 9.032973807175471775e-04 2.918368822597108744e-05
-7.490735590443678717e-10 1.018648801374478531e-05 1.622213359216766717e-06 1.013033384326146654e-07 -5.881927265755795508e-07 2.339053117906875583e-05 5.955240441640997920e-06 -3.138916470299774010e-04 -4.622621690877404455e-05 5.287980464687831718e-06 -4.314901431955338578e-06 -9.660252878814707994e-05 2.918368822597108744e-05 1.225929367897629033e-04
