# cosmomc_theta logA ns ombh2 omch2 Alens tau a_tSZ a_kSZ a_p beta_p a_c beta_c a_s
2.053347283844938864e-12 -4.462402407566679069e-09 1.700552838787107054e-09 -8.197663833556165027e-12 -4.969194555257983163e-10 1.476624669014494427e-08 -1.537097378302422629e-09 9.695820588051169576e-09 -3.555597805977330570e-08 -2.076825111737286418e-08 3.290753808940927419e-09 4.984471869893017289e-08 -1.163383189345747401e-08 1.985007537719449563e-09
-4.462402407566679069e-09 7.937532916004842525e-05 -3.962056116740285821e-06 -1.015217902294263184e-07 2.899036410490486973e-06 -1.206320180550134505e-04 3.586947641878152597e-05 -4.748718757996107991e-05 6.406222245138624776e-05 2.031361475141221480e-04 -3.670281815668701374e-05 -3.534274969767017241e-04 9.058203255380464411e-05 -3.944698783820304013e-06
1.700552838787107054e-09 -3.962056116740285821e-06 6.990813919509831921e-06 -3.181742830990001074e-08 -1.737860416608838917e-06 2.051794048674837246e-05 1.516558951194661170e-06 4.971661426673492647e-05 -8.576737791504445341e-05 -4.097458605935789110e-06 1.414121107637841596e-06 5.143398855099322764e-05 -1.493759903715154916e-05 -4.576463949202317761e-06
-8.197663833556165027e-12 -1.015217902294263184e-07 -3.181742830990001074e-08 3.358131697416344771e-09 -1.312680680664085773e-08 2.970003631226494898e-07 -4.326566101895308307e-08 1.417077289207432797e-08 -7.505930165848238747e-07 4.489281967188071983e-07 -6.522242838977673341e-08 -3.242127240988393722e-07 7.281825663449636608e-08 1.110226753376366302e-08
-4.969194555257983163e-10 2.899036410490486973e-06 -1.737860416608838917e-06 -1.312680680664085773e-08 9.107845145654231556e-07 -1.381248513615182787e-05 2.767020063834435107e-07 -1.722910374868781656e-05 2.806221455104004049e-05 2.152103815432750485e-06 -3.946638631228557751e-08 -1.844367042856207836e-05 4.137267489128937353e-06 1.521204869385357980e-06
1.476624669014494427e-08 -1.206320180550134505e-04 2.051794048674837246e-05 2.970003631226494898e-07 -1.381248513615182787e-05 4.947234840372517675e-04 -4.311762825557767563e-05 1.545647972046077401e-04 -8.392211837506479647e-04 -9.017966032118331684e-05 1.207151749877851826e-05 4.891222792916573303e-04 -1.115448241579148074e-04 4.043742570294304962e-05
-1.537097378302422629e-09 3.586947641878152597e-05 1.516558951194661170e-06 -4.326566101895308307e-08 2.767020063834435107e-07 -4.311762825557767563e-05 1.819457032670916433e-05 5.039122429386611782e-06 -1.829703383518259185e-05 1.030317402534391231e-04 -1.836197738127412244e-05 -1.528630461440843116e-04 3.834738153285104551e-05 -4.718170830146231188e-06
9.695820588051169576e-09 -4.748718757996107991e-05 4.971661426673492647e-05 1.417077289207432797e-08 -1.722910374868781656e-05 1.545647972046077401e-04 5.039122429386611782e-06 1.861864983183236615e-03 -2.626196275536308092e-03 4.384489691218220451e-04 -4.087878182405011129e-05 8.375974012758157818e-04 -2.809240128166807095e-04 -2.944802015794033018e-04
-3.555597805977330570e-08 6.406222245138624776e-05 -8.576737791504445341e-05 -7.505930165848238747e-07 2.806221455104004049e-05 -8.392211837506479647e-04 -1.829703383518259185e-05 -2.626196275536308092e-03 8.908529237246685939e-03 -1.451385917987409310e-03 1.403970707964765415e-04 -1.978007491643349672e-03 6.845958440419704040e-04 -3.935107213782407845e-05
-2.076825111737286418e-08 2.031361475141221480e-04 -4.097458605935789110e-06 4.489281967188071983e-07 2.152103815432750485e-06 -9.017966032118331684e-05 1.030317402534391231e-04 4.384489691218220451e-04 -1.451385917987409310e-03 2.562039357362042198e-03 -3.331851163337991501e-04 -3.000477472055622114e-03 5.491279540122184560e-04 -1.337700358650049644e-04
3.290753808940927419e-09 -3.670281815668701374e-05 1.414121107637841596e-06 -6.522242838977673341e-08 -3.946638631228557751e-08 1.207151749877851826e-05 -1.836197738127412244e-05 -4.087878182405011129e-05 1.403970707964765415e-04 -3.331851163337991501e-04 7.459405532644822732e-05 4.178346490234021446e-04 -1.383124749141146259e-04 1.724045012663044839e-05
4.984471869893017289e-08 -3.534274969767017241e-04 5.143398855099322764e-05 -3.242127240988393722e-07 -1.844367042856207836e-05 4.891222792916573303e-04 -1.528630461440843116e-04 8.375974012758157818e-04 -1.978007491643349672e-03 -3.000477472055622114e-03 4.178346490234021446e-04 5.772332080261688599e-03 -1.255738923185290967e-03 1.053250891052012300e-04
-1.163383189345747401e-08 9.058203255380464411e-05 -1.493759903715154916e-05 7.281825663449636608e-08 4.137267489128937353e-06 -1.115448241579148074e-04 3.834738153285104551e-05 -2.809240128166807095e-04 6.845958440419704040e-04 5.491279540122184560e-04 -1.383124749141146259e-04 -1.255738923185290967e-03 4.088572999749055304e-04 -1.219462602036058790e-05
1.985007537719449563e-09 -3.944698783820304013e-06 -4.576463949202317761e-06 1.110226753376366302e-08 1.521204869385357980e-06 4.043742570294304962e-05 -4.718170830146231188e-06 -2.944802015794033018e-04 -3.935107213782407845e-05 -1.337700358650049644e-04 1.724045012663044839e-05 1.053250891052012300e-04 -1.219462602036058790e-05 1.241257444848020350e-04
