# cosmomc_theta logA ns ombh2 omch2 Alens tau a_tSZ a_kSZ a_p beta_p a_c beta_c a_s
1.729019266203275300e-12 -2.099319214257105021e-09 1.664497085566326034e-09 1.626424577676291240e-11 -6.827580850408844123e-10 1.052916191921718391e-08 -1.350573864036482416e-10 1.983552474846415932e-09 1.488857559873683992e-09 -4.960139543750753102e-09 1.110302679566301065e-09 8.391353571749259894e-09 -2.273742653427492832e-09 7.539508637895693874e-11
-2.099319214257105021e-09 2.245880315498889341e-04 -9.423807221281779197e-06 1.557437947657431245e-08 2.402459038092782439e-06 -2.500414155313762351e-04 1.071289940363740416e-04 -2.932200825984933879e-05 -4.814510091102027677e-05 7.597452859021377300e-06 -1.024834165485178004e-05 -1.479138387283397456e-05 1.963613417850139863e-05 9.594533638993770866e-06
1.664497085566326034e-09 -9.423807221281779197e-06 9.674045793196143640e-06 -3.139082360862880702e-08 -2.561097066703707430e-06 3.492821892647906558e-05 3.115279149313672411e-07 1.591391835383483629e-06 -4.783047476731848796e-06 1.387243264959619992e-05 -1.611012353996551981e-06 -1.833246780536455474e-05 2.691743214147053231e-06 2.141218140170722966e-06
1.626424577676291240e-11 1.557437947657431245e-08 -3.139082360862880702e-08 3.839442855234418983e-09 -2.208779209544661613e-08 2.534767950740913861e-07 1.715912858947786850e-08 -2.331489387407728548e-07 -3.865007627601563096e-07 2.753102307897983839e-07 -3.446864284410846758e-08 -3.434948336885862456e-07 7.293316080688822443e-08 9.522641166228241271e-08
-6.827580850408844123e-10 2.402459038092782439e-06 -2.561097066703707430e-06 -2.208779209544661613e-08 1.283131123478570624e-06 -1.652951199317913950e-05 -5.513742447829969218e-07 -3.568341693550635515e-06 -3.336794790825439876e-06 1.856651012657478949e-06 -8.060031184142515998e-07 -5.024360515418687263e-06 1.937737128600018761e-06 1.716160167710521048e-07
1.052916191921718391e-08 -2.500414155313762351e-04 3.492821892647906558e-05 2.534767950740913861e-07 -1.652951199317913950e-05 6.128595234539744967e-04 -1.005588977533387321e-04 8.592458975360535599e-06 -2.045783612006420605e-04 1.565307047977985131e-04 -1.489458842955893580e-05 -2.064092152969230121e-04 2.632053820437195072e-05 1.073696924516510705e-05
-1.350573864036481899e-10 1.071289940363740145e-04 3.115279149313672411e-07 1.715912858947787181e-08 -5.513742447829969218e-07 -1.005588977533387321e-04 5.407404746501866168e-05 -1.028371669345004787e-05 -2.426248135070790832e-05 7.668321213202573540e-06 -5.052019016466304794e-06 -1.042456697774353321e-05 9.147897621290792191e-06 5.101286419498056797e-06
1.983552474846415932e-09 -2.932200825984933879e-05 1.591391835383483629e-06 -2.331489387407728548e-07 -3.568341693550635515e-06 8.592458975360535599e-06 -1.028371669345004787e-05 2.139609163583674166e-03 -3.027772790205815467e-03 -3.732589777423027128e-04 1.053614657917744779e-04 2.504123743577938831e-03 -6.587296781308954463e-04 -3.042586440309077186e-04
1.488857559873683992e-09 -4.814510091102027677e-05 -4.783047476731847102e-06 -3.865007627601563096e-07 -3.336794790825439876e-06 -2.045783612006420605e-04 -2.426248135070790832e-05 -3.027772790205815467e-03 1.085233366494752633e-02 -4.670789473662306595e-04 1.810426569558358135e-05 -4.664609912046779362e-03 1.196039117727214999e-03 -1.379787420228774136e-04
-4.960139543750753102e-09 7.597452859021377300e-06 1.387243264959619992e-05 2.753102307897983839e-07 1.856651012657478949e-06 1.565307047977985131e-04 7.668321213202576928e-06 -3.732589777423027128e-04 -4.670789473662306595e-04 5.555575020314518393e-03 -9.609286080592761067e-04 -8.298938012129029179e-03 1.901876225980252784e-03 4.518737581733731925e-05
1.110302679566301065e-09 -1.024834165485178004e-05 -1.611012353996551981e-06 -3.446864284410846758e-08 -8.060031184142515998e-07 -1.489458842955893580e-05 -5.052019016466304794e-06 1.053614657917744779e-04 1.810426569558358135e-05 -9.609286080592761067e-04 2.014494793416385951e-04 1.469178593608237889e-03 -4.002331581269577099e-04 -1.137765712643400787e-05
8.391353571749259894e-09 -1.479138387283397456e-05 -1.833246780536455474e-05 -3.434948336885862456e-07 -5.024360515418687263e-06 -2.064092152969230121e-04 -1.042456697774352813e-05 2.504123743577938831e-03 -4.664609912046779362e-03 -8.298938012129029179e-03 1.469178593608237889e-03 1.608024023922749457e-02 -3.757468021894666121e-03 -1.244959253019764988e-04
-2.273742653427492832e-09 1.963613417850139863e-05 2.691743214147053231e-06 7.293316080688822443e-08 1.937737128600018761e-06 2.632053820437195072e-05 9.147897621290792191e-06 -6.587296781308954463e-04 1.196039117727214999e-03 1.901876225980252784e-03 -4.002331581269577099e-04 -3.757468021894666121e-03 1.004247771831072791e-03 3.645332153106956924e-05
7.539508637895693874e-11 9.594533638993770866e-06 2.141218140170722966e-06 9.522641166228241271e-08 1.716160167710521048e-07 1.073696924516510705e-05 5.101286419498055950e-06 -3.042586440309077186e-04 -1.379787420228774136e-04 4.518737581733731925e-05 -1.137765712643400787e-05 -1.244959253019764988e-04 3.645332153106956924e-05 1.292550721166798103e-04
