# cosmomc_theta logA ns ombh2 omch2 Alens tau a_tSZ a_kSZ a_p beta_p a_c beta_c a_s
1.695925053421594632e-12 -2.295767816026888596e-09 1.271485966928404339e-09 2.770277647408315714e-11 -7.196808818641470826e-10 9.194080454348848611e-09 -3.517778226289443444e-10 -8.237489146183109887e-09 2.681271561784434577e-08 -3.266128307743358614e-08 6.470470157932916368e-09 4.034176460450620131e-08 -1.008037719092024131e-08 2.316646029132177268e-09
-2.295767816026888596e-09 4.480008132896501778e-05 -1.400326221741249646e-06 -1.717383959155931729e-08 -1.726894916254061675e-07 -4.940970858414019622e-05 2.211296834923273346e-05 -1.309269273668662517e-05 2.639147242841273239e-04 1.039431149098350829e-04 -7.724141730091608996e-06 -3.003730604881852534e-04 4.804431903179283490e-05 -4.243787505265963919e-05
1.271485966928404339e-09 -1.400326221741249646e-06 7.048823884210366553e-06 -2.709989881449576978e-08 -2.177482280931868802e-06 1.942929633973804692e-05 2.989616156328156113e-06 -2.390178437921057619e-07 4.014145699525050077e-05 4.202957095629861469e-06 2.517120158471691969e-06 -1.726616125270266508e-05 -2.662991685520919727e-06 -1.252469818744632665e-06
2.770277647408315714e-11 -1.717383959155931729e-08 -2.709989881449576978e-08 3.336851542730901581e-09 -1.494121600832658264e-08 2.422701997575831368e-07 -7.651784896950913548e-09 -8.375060729351921680e-07 -7.118746259426801490e-08 5.202935173191576818e-07 -1.187326740972561680e-07 -7.613189395942035716e-07 2.805332326248164039e-07 2.721470306606161210e-07
-7.196808818641470826e-10 -1.726894916254061675e-07 -2.177482280931868802e-06 -1.494121600832658264e-08 1.136833055703043713e-06 -1.151379129098061189e-05 -1.515890439641176526e-06 3.186961989146983311e-06 -2.889511277318829985e-05 -8.802187124899566424e-07 -6.495845058292515095e-07 1.319488167861922545e-05 -1.928275729184769832e-06 3.103023005774602628e-07
9.194080454348848611e-09 -4.940970858414019622e-05 1.942929633973804692e-05 2.422701997575831368e-07 -1.151379129098061189e-05 3.530073397483597252e-04 -9.320818514972030244e-06 -1.171071247460921068e-04 -1.580934537953090208e-04 4.444345786617506989e-05 -1.139558430454024653e-05 -3.766513457779758822e-05 2.488028659455007242e-05 7.861993305934230106e-05
-3.517778226289443444e-10 2.211296834923273346e-05 2.989616156328156536e-06 -7.651784896950913548e-09 -1.515890439641176526e-06 -9.320818514972030244e-06 1.321554142237238072e-05 -7.557174490818007499e-06 1.622150251144242167e-04 5.566724206315255678e-05 -3.432666970360748804e-06 -1.675420584124329203e-04 2.598601355126736894e-05 -2.180686245481111105e-05
-8.237489146183109887e-09 -1.309269273668662517e-05 -2.390178437921057619e-07 -8.375060729351921680e-07 3.186961989146983311e-06 -1.171071247460921068e-04 -7.557174490818007499e-06 2.135536365582709449e-03 -2.543622063692418250e-03 -3.295674097986665287e-04 7.005728858571529864e-05 2.040406169553973109e-03 -5.072750160513649466e-04 -3.729609946468685376e-04
2.681271561784434577e-08 2.639147242841273239e-04 4.014145699525050077e-05 -7.118746259426801490e-08 -2.889511277318829985e-05 -1.580934537953090208e-04 1.622150251144242167e-04 -2.543622063692418250e-03 8.755587210258951314e-03 -5.393814576775258877e-04 1.517756355641379832e-04 -3.949426768342360894e-03 8.084768885844109427e-04 -7.834463592359699167e-05
-3.266128307743358614e-08 1.039431149098350829e-04 4.202957095629861469e-06 5.202935173191576818e-07 -8.802187124899566424e-07 4.444345786617506989e-05 5.566724206315255678e-05 -3.295674097986665287e-04 -5.393814576775258877e-04 5.575853943849803408e-03 -9.622916220106737546e-04 -7.951142206310764932e-03 1.809658787042791629e-03 4.722363442872403149e-05
6.470470157932916368e-09 -7.724141730091608996e-06 2.517120158471691969e-06 -1.187326740972561680e-07 -6.495845058292515095e-07 -1.139558430454024653e-05 -3.432666970360748804e-06 7.005728858571529864e-05 1.517756355641379832e-04 -9.622916220106737546e-04 1.960856126509141891e-04 1.335420795126668423e-03 -3.581478163356491013e-04 -2.131681004181949684e-05
4.034176460450620131e-08 -3.003730604881852534e-04 -1.726616125270266508e-05 -7.613189395942035716e-07 1.319488167861922545e-05 -3.766513457779758822e-05 -1.675420584124329203e-04 2.040406169553973109e-03 -3.949426768342360894e-03 -7.951142206310764932e-03 1.335420795126668423e-03 1.460978948284067519e-02 -3.285778360046423281e-03 -8.728736154127369139e-05
-1.008037719092024131e-08 4.804431903179283490e-05 -2.662991685520919727e-06 2.805332326248164039e-07 -1.928275729184769832e-06 2.488028659455007242e-05 2.598601355126736894e-05 -5.072750160513649466e-04 8.084768885844109427e-04 1.809658787042791629e-03 -3.581478163356491013e-04 -3.285778360046423281e-03 8.498940241796863748e-04 5.058477371168477001e-05
2.316646029132177268e-09 -4.243787505265963919e-05 -1.252469818744632665e-06 2.721470306606161210e-07 3.103023005774602628e-07 7.861993305934230106e-05 -2.180686245481111105e-05 -3.729609946468685376e-04 -7.834463592359699167e-05 4.722363442872403149e-05 -2.131681004181949684e-05 -8.728736154127369139e-05 5.058477371168477001e-05 1.504214806199789302e-04
