# cosmomc_theta logA ns ombh2 omch2 Alens tau a_tSZ a_kSZ a_p beta_p a_c beta_c a_s
1.907988703498800203e-12 2.426373190710139634e-09 1.877241198577582279e-09 1.026319096708620452e-11 -6.690641640476835122e-10 4.470143964640846259e-09 2.180751636276671267e-09 -4.111400528317126865e-09 3.273992870083311923e-08 4.927504055675220258e-09 -1.339582552577662940e-09 -1.872040726396084650e-08 5.210684879836041497e-09 -1.111023514474336439e-09
2.426373190710139634e-09 4.702050668317404202e-05 4.688185044655256876e-06 -8.684924736234840789e-08 1.608682063297194475e-07 -5.750269594156991556e-05 2.465843409296332347e-05 4.589747179411205624e-05 -7.885711308443556775e-05 1.058707544389999889e-04 -2.023127584638144562e-05 -7.741980708302255041e-05 2.246128753274836767e-05 -1.554673533053654264e-05
1.877241198577582279e-09 4.688185044655256876e-06 6.084825115721779969e-06 -1.549004338788091630e-08 -1.620509567004728840e-06 1.166940193017460445e-05 5.425527820652043943e-06 -9.023892883630775936e-06 3.629189984455099963e-05 -5.862285974549005166e-06 1.144775782671222851e-06 5.279308021735277734e-06 -8.084300622475118749e-07 -1.135559566934895515e-06
1.026319096708620452e-11 -8.684924736234840789e-08 -1.549004338788091630e-08 3.419916395594890598e-09 -2.955208328024552799e-08 5.366041072887092176e-07 -2.400880551425207644e-08 -9.417783060602399269e-07 1.495853699316253107e-06 1.904198507216945574e-06 -3.856850861199594231e-07 -3.500837889362141014e-06 8.760493948409560003e-07 1.106717990119304975e-07
-6.690641640476835122e-10 1.608682063297194475e-07 -1.620509567004728840e-06 -2.955208328024552799e-08 1.081299668995630890e-06 -1.459632316661634848e-05 -1.232055946388720248e-06 7.029850585027042398e-06 -3.410312205327350939e-05 -4.249611774139037577e-06 1.164067575519151799e-06 1.513626105716626824e-05 -4.221506643263712491e-06 5.095184884166382420e-07
4.470143964640846259e-09 -5.750269594156991556e-05 1.166940193017460445e-05 5.366041072887092176e-07 -1.459632316661634848e-05 4.241168738491172966e-04 -1.350452164483096833e-05 -2.389902689527310855e-04 3.217943080714482100e-04 1.771148407959865167e-05 -4.059394933484016420e-06 -2.589192796931579898e-04 6.315158244350108205e-05 3.828548993053824045e-05
2.180751636276671267e-09 2.465843409296332347e-05 5.425527820652043943e-06 -2.400880551425207644e-08 -1.232055946388720248e-06 -1.350452164483096833e-05 1.496813596782105913e-05 1.731850283825785440e-05 -5.814585620654136568e-06 5.555653399578006367e-05 -1.092957385133573299e-05 -4.838098624841399230e-05 1.428275651418690320e-05 -8.802875254075470898e-06
-4.111400528317126865e-09 4.589747179411205624e-05 -9.023892883630775936e-06 -9.417783060602399269e-07 7.029850585027042398e-06 -2.389902689527310855e-04 1.731850283825785440e-05 2.332663227254221962e-03 -2.966640100356487866e-03 -1.308391093714435629e-03 2.379349054256488737e-04 3.581451276343586287e-03 -8.575451731538281117e-04 -3.170853124699910615e-04
3.273992870083311923e-08 -7.885711308443556775e-05 3.629189984455099963e-05 1.495853699316253107e-06 -3.410312205327350939e-05 3.217943080714482100e-04 -5.814585620654136568e-06 -2.966640100356487866e-03 8.586347645161368156e-03 1.824896361433267543e-03 -3.620853495572204091e-04 -6.644594929555850023e-03 1.637112336866266031e-03 -8.712618446026795484e-06
4.927504055675220258e-09 1.058707544389999889e-04 -5.862285974549005166e-06 1.904198507216945574e-06 -4.249611774139037577e-06 1.771148407959865167e-05 5.555653399578006367e-05 -1.308391093714435629e-03 1.824896361433267543e-03 5.671375953971175693e-03 -1.009313142831788678e-03 -9.023508169407629814e-03 2.106790809413816665e-03 7.490447586570806113e-06
-1.339582552577662940e-09 -2.023127584638144562e-05 1.144775782671222851e-06 -3.856850861199594231e-07 1.164067575519151799e-06 -4.059394933484016420e-06 -1.092957385133573299e-05 2.379349054256488737e-04 -3.620853495572204091e-04 -1.009313142831788678e-03 2.052939882773177844e-04 1.577315338383935379e-03 -4.145577329890383030e-04 5.747570620725168174e-06
-1.872040726396084650e-08 -7.741980708302255041e-05 5.279308021735277734e-06 -3.500837889362141014e-06 1.513626105716626824e-05 -2.589192796931579898e-04 -4.838098624841399230e-05 3.581451276343586287e-03 -6.644594929555850023e-03 -9.023508169407629814e-03 1.577315338383935379e-03 1.714974324367368741e-02 -3.975978914365447744e-03 -8.326540403702497055e-05
5.210684879836041497e-09 2.246128753274836767e-05 -8.084300622475118749e-07 8.760493948409560003e-07 -4.221506643263712491e-06 6.315158244350108205e-05 1.428275651418690320e-05 -8.575451731538281117e-04 1.637112336866266031e-03 2.106790809413816665e-03 -4.145577329890383030e-04 -3.975978914365447744e-03 1.015431053231068224e-03 8.610801270626550642e-06
-1.111023514474336439e-09 -1.554673533053654264e-05 -1.135559566934895515e-06 1.106717990119304975e-07 5.095184884166382420e-07 3.828548993053824045e-05 -8.802875254075470898e-06 -3.170853124699910615e-04 -8.712618446026795484e-06 7.490447586570806113e-06 5.747570620725168174e-06 -8.326540403702497055e-05 8.610801270626550642e-06 1.100020161311765894e-04
