# cosmomc_theta logA ns ombh2 omch2 Alens tau a_tSZ a_kSZ a_p beta_p a_c beta_c a_s
2.009303337494894986e-12 -2.460782421595584130e-09 2.107868320847725342e-09 1.294939232219867061e-11 -8.495459913198924520e-10 1.388677874274504070e-08 -1.347598588742010908e-10 2.258793730409456144e-11 8.875084539351819497e-09 -7.478787195186136726e-09 1.354714218466049130e-09 1.105852255445088596e-08 -2.670183492011067160e-09 -7.934919467719007949e-10
-2.460782421595584130e-09 2.234654598410746717e-04 -9.176997996913957348e-06 2.120667542301892271e-08 2.523997720983821235e-06 -2.795666240539141484e-04 1.063557745452888215e-04 -2.420406810486488796e-06 4.748225945353790192e-05 1.559392744745035560e-05 -1.094158278784515414e-05 -5.483723472944619746e-05 2.559787597401228922e-05 -9.582563136978308291e-06
2.107868320847725342e-09 -9.176997996913957348e-06 9.186605128838205408e-06 -1.348683571370492443e-08 -2.482008231264358576e-06 3.726054300396132684e-05 1.348326056455382056e-07 -8.098915090314995433e-06 6.083901956007023807e-06 2.945588873748228237e-06 1.846815138402256537e-07 -5.838940234424872739e-06 5.909766461910196127e-07 2.327956236250555363e-06
1.294939232219867061e-11 2.120667542301892271e-08 -1.348683571370492443e-08 4.092418651996416747e-09 -2.848373447380833363e-08 3.913870899199624720e-07 3.034473020020183349e-08 -3.178134180916752454e-07 -1.415237879086394920e-07 6.343747384663320472e-07 -1.101372706691915662e-07 -9.803588729837430687e-07 2.386791713879496934e-07 8.598507039200757706e-08
-8.495459913198924520e-10 2.523997720983821235e-06 -2.482008231264358576e-06 -2.848373447380833363e-08 1.251282852843186823e-06 -1.796163056308632718e-05 -4.062554680771121433e-07 2.224527576162734640e-06 -1.384726881165958372e-05 2.959240340271652132e-06 -5.505642120921393513e-07 -2.201494853731530135e-06 4.666484421441322109e-07 -2.277100318188310701e-08
1.388677874274504070e-08 -2.795666240539141484e-04 3.726054300396132684e-05 3.913870899199624720e-07 -1.796163056308632718e-05 6.993578475938067246e-04 -1.140319967211823752e-04 -1.215724935240313013e-04 -1.277114399724206626e-04 1.387507087804884683e-04 -1.770324713911835355e-05 -2.215794192274078483e-04 4.695371424794644795e-05 4.217797323215376817e-05
-1.347598588742010908e-10 1.063557745452888215e-04 1.348326056455382056e-07 3.034473020020183349e-08 -4.062554680771121433e-07 -1.140319967211823752e-04 5.336778936420818629e-05 -4.430200287637540776e-06 3.647825287398637732e-05 7.631345515945278746e-06 -4.889445922505221770e-06 -2.928083874059625403e-05 1.240523371594088319e-05 -4.383613665658093530e-06
2.258793730409456144e-11 -2.420406810486488796e-06 -8.098915090314995433e-06 -3.178134180916752454e-07 2.224527576162734640e-06 -1.215724935240313013e-04 -4.430200287637541623e-06 2.272900864000541692e-03 -3.149723711502876687e-03 -5.583370303937182540e-04 1.266378999689958659e-04 2.769265241741901591e-03 -7.097701850550549143e-04 -3.170381123089385258e-04
8.875084539351819497e-09 4.748225945353790192e-05 6.083901956007023807e-06 -1.415237879086394920e-07 -1.384726881165958372e-05 -1.277114399724206626e-04 3.647825287398638410e-05 -3.149723711502876687e-03 1.086845184347407130e-02 -3.615571756918066785e-04 3.096511605549764255e-05 -4.732007425869659729e-03 1.156777657044379517e-03 -1.229841839806615164e-04
-7.478787195186136726e-09 1.559392744745035560e-05 2.945588873748228237e-06 6.343747384663320472e-07 2.959240340271652132e-06 1.387507087804884683e-04 7.631345515945278746e-06 -5.583370303937182540e-04 -3.615571756918066785e-04 5.273608263016384655e-03 -9.044486973735654410e-04 -7.908123864571842479e-03 1.848934989625519113e-03 7.867215928564696373e-05
1.354714218466049130e-09 -1.094158278784515414e-05 1.846815138402256537e-07 -1.101372706691915662e-07 -5.505642120921393513e-07 -1.770324713911835355e-05 -4.889445922505221770e-06 1.266378999689958659e-04 3.096511605549764255e-05 -9.044486973735654410e-04 1.884955151289156557e-04 1.374017077121019153e-03 -3.833850099244901334e-04 -1.588441474945479057e-05
1.105852255445088596e-08 -5.483723472944619746e-05 -5.838940234424872739e-06 -9.803588729837430687e-07 -2.201494853731530135e-06 -2.215794192274078483e-04 -2.928083874059625403e-05 2.769265241741901591e-03 -4.732007425869659729e-03 -7.908123864571842479e-03 1.374017077121019153e-03 1.547796975052348131e-02 -3.644704761437204867e-03 -1.707910131825676389e-04
-2.670183492011067160e-09 2.559787597401228922e-05 5.909766461910196127e-07 2.386791713879496934e-07 4.666484421441322109e-07 4.695371424794644795e-05 1.240523371594088319e-05 -7.097701850550549143e-04 1.156777657044379517e-03 1.848934989625519113e-03 -3.833850099244901334e-04 -3.644704761437204867e-03 9.864861995662081370e-04 4.684655972654227422e-05
-7.934919467719007949e-10 -9.582563136978308291e-06 2.327956236250555363e-06 8.598507039200757706e-08 -2.277100318188310701e-08 4.217797323215376817e-05 -4.383613665658093530e-06 -3.170381123089385258e-04 -1.229841839806615164e-04 7.867215928564696373e-05 -1.588441474945479057e-05 -1.707910131825676389e-04 4.684655972654227422e-05 1.246400820287682715e-04
