# cosmomc_theta logA ns ombh2 omch2 Alens tau a_tSZ a_kSZ a_p beta_p a_c beta_c a_s
1.845436937216484763e-12 -7.456351497838751041e-10 1.245262108801305267e-09 1.823925902541400169e-11 -4.669819515000932564e-10 6.684652222774287296e-09 3.076737773670761681e-10 2.343366752841918522e-09 2.414739783215349858e-08 -1.503739421443560286e-08 3.750029596120479915e-09 1.538453813297055080e-08 -5.470826376969996286e-09 -2.928001223457572234e-09
-7.456351497838751041e-10 1.102961803573854010e-04 -8.560643183142304378e-06 1.311863789448375808e-07 1.922802239803398265e-06 -9.618718337778808510e-05 5.093795180939010358e-05 2.290071783593548307e-05 -2.652795517670278932e-04 1.530523194239738006e-04 -3.680986210696173910e-05 -1.769165339112296789e-04 5.615619277347007473e-05 6.131954903236655399e-06
1.245262108801305267e-09 -8.560643183142304378e-06 8.081207162675942623e-06 -4.789711692557495668e-08 -1.539539804930406199e-06 2.219499940345879513e-05 -3.654232467581000149e-07 4.260943257502556340e-06 -1.032392140933216186e-05 -1.184510351947586147e-05 3.865454474067470738e-06 3.341402548654850220e-05 -1.010532947962792621e-05 -1.197391171490879114e-06
1.823925902541400169e-11 1.311863789448375808e-07 -4.789711692557495668e-08 4.083134836359278059e-09 -1.516841239141208151e-08 1.415097780089891007e-07 6.478425667332238008e-08 -5.802615516992603707e-07 5.280910193170898575e-07 1.295500863143991770e-06 -2.351376517291467419e-07 -2.187464521737530821e-06 5.077174973052794314e-07 3.688589201190540098e-08
-4.669819515000932564e-10 1.922802239803398265e-06 -1.539539804930406199e-06 -1.516841239141208151e-08 6.976830270074413498e-07 -1.038217119583684918e-05 -1.005589099259190263e-07 -8.293579600474783354e-07 -9.085629557350583817e-06 8.808695574186361095e-06 -2.462973847933798413e-06 -1.560672404974194528e-05 5.040534369378612621e-06 1.271812549331167581e-06
6.684652222774287296e-09 -9.618718337778808510e-05 2.219499940345879513e-05 1.415097780089891007e-07 -1.038217119583684918e-05 3.261538637869284109e-04 -3.265136854733231728e-05 -5.302132088311944572e-05 5.468708091831486827e-05 -1.273260557368969029e-04 3.748802550827304259e-05 1.994101923709924707e-04 -6.568555247971921923e-05 3.928311274082392977e-07
3.076737773670761681e-10 5.093795180939010358e-05 -3.654232467581000149e-07 6.478425667332238008e-08 -1.005589099259190263e-07 -3.265136854733231728e-05 2.566186745823309013e-05 1.585121929825747882e-05 -1.267477871477860776e-04 6.105492929037943163e-05 -1.443576761269428216e-05 -5.692070257268076202e-05 1.907400633078909730e-05 8.891151940787654284e-07
2.343366752841918522e-09 2.290071783593548307e-05 4.260943257502556340e-06 -5.802615516992603707e-07 -8.293579600474783354e-07 -5.302132088311944572e-05 1.585121929825747882e-05 2.116868181806393339e-03 -2.476921517476633576e-03 -1.142499017651757171e-03 2.425686456257551953e-04 3.083916084534448800e-03 -8.033524239313494589e-04 -3.600036418017798145e-04
2.414739783215349858e-08 -2.652795517670278932e-04 -1.032392140933216186e-05 5.280910193170898575e-07 -9.085629557350583817e-06 5.468708091831486827e-05 -1.267477871477860776e-04 -2.476921517476633576e-03 1.002646561834977246e-02 -9.673187630397178877e-04 2.146588424882662745e-04 -2.598179687754750659e-03 5.500493986385421438e-04 -1.787624643929337559e-04
-1.503739421443560286e-08 1.530523194239738006e-04 -1.184510351947586147e-05 1.295500863143991770e-06 8.808695574186361095e-06 -1.273260557368969029e-04 6.105492929037943163e-05 -1.142499017651757171e-03 -9.673187630397178877e-04 8.410803961642085089e-03 -1.628876007403827573e-03 -1.254090915059636289e-02 3.218021442563041498e-03 2.422403903454318521e-04
3.750029596120479915e-09 -3.680986210696173910e-05 3.865454474067470738e-06 -2.351376517291467419e-07 -2.462973847933798413e-06 3.748802550827304259e-05 -1.443576761269428216e-05 2.425686456257551953e-04 2.146588424882662745e-04 -1.628876007403827573e-03 3.480680507736619018e-04 2.408416216274946765e-03 -6.794545451598943495e-04 -5.224792962285951573e-05
1.538453813297055080e-08 -1.769165339112296789e-04 3.341402548654850220e-05 -2.187464521737530821e-06 -1.560672404974194528e-05 1.994101923709924707e-04 -5.692070257268076202e-05 3.083916084534448800e-03 -2.598179687754750659e-03 -1.254090915059636289e-02 2.408416216274946765e-03 2.129908225617097028e-02 -5.378991988580412477e-03 -4.026466298780947712e-04
-5.470826376969996286e-09 5.615619277347007473e-05 -1.010532947962792621e-05 5.077174973052794314e-07 5.040534369378612621e-06 -6.568555247971921923e-05 1.907400633078909730e-05 -8.033524239313494589e-04 5.500493986385421438e-04 3.218021442563041498e-03 -6.794545451598943495e-04 -5.378991988580412477e-03 1.487251176680315324e-03 1.117147808269860034e-04
-2.928001223457572234e-09 6.131954903236655399e-06 -1.197391171490879114e-06 3.688589201190540098e-08 1.271812549331167581e-06 3.928311274082392977e-07 8.891151940787654284e-07 -3.600036418017798145e-04 -1.787624643929337559e-04 2.422403903454318521e-04 -5.224792962285951573e-05 -4.026466298780947712e-04 1.117147808269860034e-04 1.483373823768794405e-04
