# cosmomc_theta logA ns ombh2 omch2 Alens tau a_tSZ a_kSZ a_p beta_p a_c beta_c a_s
1.936391656292938609e-12 3.358840829201426736e-09 3.588857489945561732e-09 3.117248605459633038e-12 -1.039219299668136627e-09 1.027399975210598262e-08 3.394766795865173582e-09 -8.733648628880706163e-09 1.372675017065315310e-08 -3.279333326461864956e-08 5.935378526189756391e-09 3.804709757339192358e-08 -9.326491874068069677e-09 2.751138299221150258e-09
3.358840829201426736e-09 1.674268627399361383e-04 1.311340703273730341e-06 2.539874427232729618e-07 -3.065693170763983626e-06 -1.035010859019183611e-04 8.590205341045637432e-05 -5.641726372779946489e-05 2.518113612349471387e-05 1.261757147319159220e-04 -3.973826213118090197e-05 -2.710571055709396892e-04 9.100129863152443496e-05 2.782334956659555107e-06
3.588857489945561732e-09 1.311340703273730341e-06 1.591936173655933789e-05 -4.933986989294375265e-08 -3.434941881275835981e-06 3.992817621302431662e-05 8.036990066391906526e-06 -3.003288545787747375e-05 -3.581283294672183158e-05 -6.845495472551925593e-05 1.101547463885836830e-05 1.274860092912686606e-04 -2.661370927030718052e-05 1.349954335723755773e-05
3.117248605459633038e-12 2.539874427232729618e-07 -4.933986989294375265e-08 4.434664529349564500e-09 -2.254957636276972300e-08 1.275231323609557043e-07 1.300423579355055836e-07 -1.590346652017434984e-07 -2.017258370135670130e-08 1.422793757585948455e-06 -2.958062237090491198e-07 -2.584447508468968842e-06 6.885047244844497356e-07 -6.185608816466055936e-09
-1.039219299668136627e-09 -3.065693170763983626e-06 -3.434941881275835981e-06 -2.254957636276972300e-08 1.247820268011663834e-06 -1.275624608628503467e-05 -3.467153939767417689e-06 7.116969827831790301e-06 -8.980082502764604205e-07 1.074596544350668602e-05 -1.192130647760885342e-06 -1.235022506367258217e-05 1.550894850232381799e-06 -2.990139806926153180e-06
1.027399975210598262e-08 -1.035010859019183611e-04 3.992817621302431662e-05 1.275231323609557043e-07 -1.275624608628503467e-05 3.709707456148601443e-04 -2.945969084464619594e-05 -1.334759028212317063e-04 -7.173279261446073432e-06 -1.028790203004064995e-04 2.093442682423536901e-05 9.368893395278784359e-05 -2.143868361417043943e-05 3.463465501279502814e-05
3.394766795865173582e-09 8.590205341045637432e-05 8.036990066391906526e-06 1.300423579355055836e-07 -3.467153939767417689e-06 -2.945969084464619594e-05 4.787581730049973716e-05 -4.135907359658461162e-05 3.784728298745576085e-06 3.335865792326422386e-05 -1.557648539005217512e-05 -8.498990953329052956e-05 3.587447670926892477e-05 7.134029977364147524e-06
-8.733648628880706163e-09 -5.641726372779946489e-05 -3.003288545787747375e-05 -1.590346652017434984e-07 7.116969827831790301e-06 -1.334759028212317063e-04 -4.135907359658461162e-05 1.200378325976619821e-03 -1.283241130618744189e-03 2.627310222745896052e-04 -5.413210016727414977e-05 4.688356254180462020e-04 -8.608144379614035818e-05 -1.878591530276152021e-04
1.372675017065315310e-08 2.518113612349471387e-05 -3.581283294672183158e-05 -2.017258370135670130e-08 -8.980082502764604205e-07 -7.173279261446073432e-06 3.784728298745576085e-06 -1.283241130618744189e-03 6.294926369109750744e-03 -8.444342696132866926e-04 2.194933337044354977e-04 -1.997127742092049286e-03 2.924803970211760991e-04 -1.905890270140967846e-04
-3.279333326461864956e-08 1.261757147319159220e-04 -6.845495472551925593e-05 1.422793757585948455e-06 1.074596544350668602e-05 -1.028790203004064995e-04 3.335865792326422386e-05 2.627310222745896052e-04 -8.444342696132866926e-04 5.346479744249689123e-03 -9.810824371683500057e-04 -7.567301057140219007e-03 1.912370834196869393e-03 -2.008664679465505247e-04
5.935378526189756391e-09 -3.973826213118090197e-05 1.101547463885836830e-05 -2.958062237090491198e-07 -1.192130647760885342e-06 2.093442682423536901e-05 -1.557648539005217512e-05 -5.413210016727414977e-05 2.194933337044354977e-04 -9.810824371683500057e-04 2.164699726726904421e-04 1.353794613661159826e-03 -4.104677236478152533e-04 3.147344774806184786e-05
3.804709757339192358e-08 -2.710571055709396892e-04 1.274860092912686606e-04 -2.584447508468968842e-06 -1.235022506367258217e-05 9.368893395278784359e-05 -8.498990953329052956e-05 4.688356254180462020e-04 -1.997127742092049286e-03 -7.567301057140219007e-03 1.353794613661159826e-03 1.321449530830788935e-02 -3.203480088630620507e-03 3.519362067651452745e-04
-9.326491874068069677e-09 9.100129863152443496e-05 -2.661370927030718052e-05 6.885047244844497356e-07 1.550894850232381799e-06 -2.143868361417043943e-05 3.587447670926892477e-05 -8.608144379614035818e-05 2.924803970211760991e-04 1.912370834196869393e-03 -4.104677236478152533e-04 -3.203480088630620507e-03 9.135986331582971170e-04 -7.663708767321329881e-05
2.751138299221150258e-09 2.782334956659555107e-06 1.349954335723755773e-05 -6.185608816466055936e-09 -2.990139806926153180e-06 3.463465501279502814e-05 7.134029977364144983e-06 -1.878591530276152021e-04 -1.905890270140967846e-04 -2.008664679465505247e-04 3.147344774806184786e-05 3.519362067651452745e-04 -7.663708767321329881e-05 9.602874281102347521e-05
