# cosmomc_theta logA ns ombh2 omch2 Alens tau a_tSZ a_kSZ a_p beta_p a_c beta_c a_s
1.905412825243433510e-12 -1.103435351909411441e-09 2.096736486506274695e-09 1.265875560884285191e-11 -7.466916890514157580e-10 1.186021996957632583e-08 5.401565943657813451e-10 3.180873208289505086e-09 3.263601342948921480e-10 1.850110196347830087e-09 -9.505065201600785674e-11 -3.276021981451562756e-09 5.216021303528978051e-10 -1.162652337737611387e-09
-1.103435351909411441e-09 2.269822387041279187e-04 -9.775561642905420233e-06 -4.983207751003033489e-08 2.610001045079072515e-06 -2.672756418159723626e-04 1.076527499253413677e-04 1.383775175374943833e-05 -3.935540401599995459e-05 3.361892913433122304e-05 -1.063493659597279055e-05 -4.185009097494865810e-05 1.682986231309950391e-05 -7.776434758553198780e-06
2.096736486506274695e-09 -9.775561642905420233e-06 1.065058545521048812e-05 -3.038507877743710932e-08 -2.701063320035731444e-06 3.843203365044779214e-05 6.862116677512774214e-07 -1.424221300951963169e-05 1.717762146676160906e-05 1.073340730341566398e-05 -5.067612198228591507e-07 -2.350392787281449996e-05 3.058451783481206753e-06 2.577848713476438783e-06
1.265875560884285191e-11 -4.983207751003033489e-08 -3.038507877743710932e-08 4.732347603968817294e-09 -2.650959804532984636e-08 3.394233749234814971e-07 -1.114742339347472432e-08 -4.412622949186299741e-07 -2.416971082027502978e-07 7.477158111540878126e-07 -1.424177785897370418e-07 -1.149173831590918758e-06 3.058652261787260352e-07 1.293573610427454887e-07
-7.466916890514157580e-10 2.610001045079072515e-06 -2.701063320035731444e-06 -2.650959804532984636e-08 1.325404393442409541e-06 -1.671115768964754686e-05 -5.364795269055863478e-07 4.735528846395651257e-06 -1.432117365349081009e-05 4.542850988620831775e-06 -1.103830626702296668e-06 -2.710561483553856289e-06 1.128559023772779702e-06 -8.955780250331315470e-07
1.186021996957632583e-08 -2.672756418159723626e-04 3.843203365044779214e-05 3.394233749234814971e-07 -1.671115768964754686e-05 6.441199832725269482e-04 -1.075034087796261330e-04 -9.337581187262975922e-05 -1.833767141022566707e-04 1.193518637856469080e-04 -1.310762847709439710e-05 -1.727271221675827329e-04 2.977310305936909778e-05 3.574238232714427950e-05
5.401565943657814485e-10 1.076527499253413677e-04 6.862116677512773155e-07 -1.114742339347472432e-08 -5.364795269055863478e-07 -1.075034087796261466e-04 5.433836228722589500e-05 -3.742117355461882925e-07 -2.764810131820415987e-06 1.718074908913045851e-05 -4.684345998465198518e-06 -2.711039128564021389e-05 8.530538348219086431e-06 -2.590554971994411650e-06
3.180873208289505086e-09 1.383775175374943833e-05 -1.424221300951963169e-05 -4.412622949186299741e-07 4.735528846395651257e-06 -9.337581187262975922e-05 -3.742117355461889278e-07 2.269105790564187458e-03 -3.315308323521351519e-03 -6.312690607635450778e-04 1.433572216730210475e-04 2.836240790313717536e-03 -7.401587301103069397e-04 -2.931832907174435282e-04
3.263601342948921480e-10 -3.935540401599995459e-05 1.717762146676160906e-05 -2.416971082027502978e-07 -1.432117365349081009e-05 -1.833767141022566707e-04 -2.764810131820415987e-06 -3.315308323521351519e-03 1.179932612210434287e-02 -1.048888492880512246e-04 -6.166044820413851954e-05 -5.435257765590914211e-03 1.412333367728400022e-03 -1.464677728378199501e-04
1.850110196347830087e-09 3.361892913433122304e-05 1.073340730341566398e-05 7.477158111540878126e-07 4.542850988620831775e-06 1.193518637856469080e-04 1.718074908913045851e-05 -6.312690607635450778e-04 -1.048888492880512246e-04 5.853587096950652741e-03 -1.005128088255516491e-03 -8.841368636569424400e-03 2.076222498725244659e-03 4.057762026391467403e-05
-9.505065201600785674e-11 -1.063493659597279055e-05 -5.067612198228591507e-07 -1.424177785897370418e-07 -1.103830626702296668e-06 -1.310762847709439710e-05 -4.684345998465197671e-06 1.433572216730210475e-04 -6.166044820413851954e-05 -1.005128088255516491e-03 2.077419120932006921e-04 1.551447295304350269e-03 -4.300356050277125532e-04 -6.460796379489925270e-06
-3.276021981451562756e-09 -4.185009097494865810e-05 -2.350392787281449996e-05 -1.149173831590918758e-06 -2.710561483553856289e-06 -1.727271221675827329e-04 -2.711039128564021728e-05 2.836240790313717536e-03 -5.435257765590914211e-03 -8.841368636569424400e-03 1.551447295304350269e-03 1.700669708433587279e-02 -4.047550147992423457e-03 -7.712734316162636172e-05
5.216021303528978051e-10 1.682986231309950391e-05 3.058451783481206753e-06 3.058652261787260352e-07 1.128559023772779702e-06 2.977310305936909778e-05 8.530538348219088125e-06 -7.401587301103069397e-04 1.412333367728400022e-03 2.076222498725244659e-03 -4.300356050277125532e-04 -4.047550147992423457e-03 1.098075014210481539e-03 2.133847780955649238e-05
-1.162652337737611387e-09 -7.776434758553198780e-06 2.577848713476438783e-06 1.293573610427454887e-07 -8.955780250331315470e-07 3.574238232714427950e-05 -2.590554971994411650e-06 -2.931832907174435282e-04 -1.464677728378199501e-04 4.057762026391467403e-05 -6.460796379489925270e-06 -7.712734316162636172e-05 2.133847780955649238e-05 1.228591624647675342e-04
