# cosmomc_theta logA ns ombh2 omch2 Alens tau a_tSZ a_kSZ a_p beta_p a_c beta_c a_s
1.517821884528594138e-12 3.243882718103143219e-09 1.532110931830219826e-09 8.811826554398503073e-12 -5.760823610381129174e-10 3.717153803191051978e-09 2.446518075752412327e-09 4.547212111885216319e-09 -5.463322915189280398e-09 -4.733562862611240305e-09 1.115389279202141606e-09 1.107694384348488561e-08 -3.164581329322859792e-09 1.185490338806551487e-10
3.243882718103143219e-09 2.080402718524293417e-04 3.300202524933561937e-07 -2.223988388396508431e-08 3.640949801293755335e-07 -1.896717981952060646e-04 1.026672222012950679e-04 1.198034869071499392e-04 -4.768049289229418742e-04 9.757774778676004898e-06 -1.297471093492081344e-05 1.780098934869395416e-04 -1.764850236514356498e-05 1.077957782774623203e-05
1.532110931830219826e-09 3.300202524933561937e-07 9.184565838540370675e-06 -2.853999071190346135e-08 -2.240035634168991150e-06 1.686891186320763140e-05 4.747396497668956934e-06 1.264253074487637608e-05 -6.122814596534349447e-05 1.464631210985717495e-05 -2.488690179459738190e-06 1.129035123126909236e-05 -2.988484757029475404e-06 3.931456032167840564e-06
8.811826554398503073e-12 -2.223988388396508431e-08 -2.853999071190346135e-08 3.978018378414692330e-09 -2.075782890969955266e-08 3.552129516164070781e-07 6.277481260253840996e-10 -4.729431270328038516e-07 4.414227196611222993e-07 8.263361967050673052e-07 -1.425344533997166476e-07 -1.517961755339516622e-06 3.638214989260417114e-07 3.125239581760361241e-08
-5.760823610381129174e-10 3.640949801293755335e-07 -2.240035634168991150e-06 -2.075782890969955266e-08 1.050721945156971553e-06 -1.289840511974984065e-05 -1.325584444126913662e-06 -2.237375888757741858e-06 8.057498980153214330e-06 -1.431813954178906280e-06 1.456356298513742811e-07 -5.193420194538404947e-06 1.560962953137533945e-06 -6.112693137019136938e-07
3.717153803191051978e-09 -1.896717981952060646e-04 1.686891186320763140e-05 3.552129516164070781e-07 -1.289840511974984065e-05 5.053707497465354664e-04 -7.770327554868571387e-05 -1.730990109316155479e-04 2.456300102353737918e-04 1.430052953682420214e-04 -2.554404591047706126e-05 -3.651755369808721749e-04 7.817695749681676973e-05 8.399000168813322884e-06
2.446518075752412327e-09 1.026672222012950679e-04 4.747396497668956934e-06 6.277481260253840996e-10 -1.325584444126913662e-06 -7.770327554868571387e-05 5.344090782563847155e-05 6.420485279371149938e-05 -2.563062689342351062e-04 8.948718509074748634e-06 -7.209877477045806408e-06 9.627232645332754843e-05 -1.067376129185101703e-05 6.963813999544929111e-06
4.547212111885216319e-09 1.198034869071499392e-04 1.264253074487637608e-05 -4.729431270328038516e-07 -2.237375888757741858e-06 -1.730990109316155479e-04 6.420485279371149938e-05 1.789699352924273637e-03 -2.668085162955041115e-03 -4.586977294726414067e-05 2.844554106244365796e-05 1.531453291079698867e-03 -3.921936025950274697e-04 -2.168405017585663542e-04
-5.463322915189280398e-09 -4.768049289229418742e-04 -6.122814596534349447e-05 4.414227196611222993e-07 8.057498980153214330e-06 2.456300102353737918e-04 -2.563062689342351062e-04 -2.668085162955041115e-03 1.002455223431956977e-02 -9.444424334392712179e-04 2.142605145951992417e-04 -3.314747609631046431e-03 6.876826012981121115e-04 -1.571112596066515587e-04
-4.733562862611240305e-09 9.757774778676004898e-06 1.464631210985717495e-05 8.263361967050673052e-07 -1.431813954178906280e-06 1.430052953682420214e-04 8.948718509074748634e-06 -4.586977294726414067e-05 -9.444424334392712179e-04 5.791343770781125569e-03 -1.046468558261769545e-03 -8.445433612804869802e-03 2.102999048001001105e-03 -6.064028724464326156e-05
1.115389279202141606e-09 -1.297471093492081344e-05 -2.488690179459738190e-06 -1.425344533997166476e-07 1.456356298513742811e-07 -2.554404591047706126e-05 -7.209877477045806408e-06 2.844554106244365796e-05 2.142605145951992417e-04 -1.046468558261769545e-03 2.240263436791343587e-04 1.508198535115499311e-03 -4.390399151320914257e-04 7.265780451272164481e-07
1.107694384348488561e-08 1.780098934869395416e-04 1.129035123126909236e-05 -1.517961755339516622e-06 -5.193420194538404947e-06 -3.651755369808721749e-04 9.627232645332754843e-05 1.531453291079698867e-03 -3.314747609631046431e-03 -8.445433612804869802e-03 1.508198535115499311e-03 1.551079006654794423e-02 -3.776205157505643870e-03 1.034932162542823511e-04
-3.164581329322859792e-09 -1.764850236514356498e-05 -2.988484757029475404e-06 3.638214989260417114e-07 1.560962953137533945e-06 7.817695749681676973e-05 -1.067376129185101703e-05 -3.921936025950274697e-04 6.876826012981121115e-04 2.102999048001001105e-03 -4.390399151320914257e-04 -3.776205157505643870e-03 1.047237807006035255e-03 -8.989906158329534564e-06
1.185490338806551487e-10 1.077957782774623203e-05 3.931456032167840564e-06 3.125239581760361241e-08 -6.112693137019136938e-07 8.399000168813322884e-06 6.963813999544929111e-06 -2.168405017585663542e-04 -1.571112596066515587e-04 -6.064028724464326156e-05 7.265780451272164481e-07 1.034932162542823511e-04 -8.989906158329534564e-06 1.009640284955088947e-04
