# cosmomc_theta logA ns ombh2 omch2 Alens tau a_tSZ a_kSZ a_p beta_p a_c beta_c a_s
2.251541760889765432e-12 2.709854131484754973e-09 2.074310743876706880e-09 1.656968055924035551e-12 -6.652282470146273603e-10 3.296426924454387337e-09 2.274728441744310645e-09 2.011496326847805434e-08 -8.377610707254563189e-09 -1.180640379895912685e-08 2.365372189922038337e-09 3.077005825448234263e-08 -7.197370699633939232e-09 -4.830203937113853419e-09
2.709854131484754973e-09 8.247625126547582057e-05 2.265513972874396794e-06 2.403604089037515049e-08 -1.120439688782097151e-06 -5.204875968666926458e-05 4.254498975004948066e-05 4.748779731525566938e-05 -2.176576700208979285e-04 7.774783108402120893e-05 -2.110480379685526414e-05 2.344366177003260454e-05 8.910688066942024931e-06 -3.455486135656857100e-06
2.074310743876706880e-09 2.265513972874396794e-06 9.777363760148640324e-06 -3.687604764998391789e-08 -2.208478448918225082e-06 1.824029142490756351e-05 5.822433381827498046e-06 -1.779853447431359049e-05 4.988388830522006134e-05 4.171202494169757517e-05 -8.581800040133191567e-06 -8.417266038414596065e-05 2.528880807181683980e-05 -1.484397507411371596e-06
1.656968055924035551e-12 2.403604089037515049e-08 -3.687604764998391789e-08 4.844447253806310164e-09 -2.816942923682072089e-08 4.624678830259104547e-07 2.650743650886057896e-08 -4.446124304341121503e-07 -5.755079770994597370e-07 2.042424180850274718e-06 -3.592656316658415824e-07 -2.901444545625081929e-06 7.414791125484762279e-07 1.175057819308904993e-07
-6.652282470146273603e-10 -1.120439688782097151e-06 -2.208478448918225082e-06 -2.816942923682072089e-08 1.066318693502912901e-06 -1.206241624873492176e-05 -2.052344814438920998e-06 2.356629486315803147e-06 -1.440187944626043584e-05 -2.175395440537019500e-05 4.026148380950390485e-06 3.757808706115040151e-05 -1.056966510591430657e-05 1.154903180679532651e-06
3.296426924454387337e-09 -5.204875968666926458e-05 1.824029142490756351e-05 4.624678830259104547e-07 -1.206241624873492176e-05 3.604938748581509086e-04 -9.565332372176070871e-06 -1.945921135804160376e-04 2.211234839231494741e-05 6.107371346094738265e-04 -9.898724246087538497e-05 -1.057888199856385015e-03 2.566789004865047911e-04 3.273814976092493127e-05
2.274728441744310645e-09 4.254498975004948066e-05 5.822433381827498046e-06 2.650743650886057896e-08 -2.052344814438920998e-06 -9.565332372176070871e-06 2.472988453231999165e-05 1.340156130551414590e-05 -7.296191633738133471e-05 7.535983781230996077e-05 -1.739184916617547973e-05 -5.951129928854072097e-05 2.417771029134083922e-05 -3.209245389995363157e-06
2.011496326847805434e-08 4.748779731525566938e-05 -1.779853447431359049e-05 -4.446124304341121503e-07 2.356629486315803147e-06 -1.945921135804160376e-04 1.340156130551414590e-05 2.411412688057518010e-03 -2.880475715024794544e-03 -1.621448261937652067e-03 3.199465361210195838e-04 4.341011182902299731e-03 -1.143978175149550601e-03 -3.720650642499818365e-04
-8.377610707254563189e-09 -2.176576700208979285e-04 4.988388830522006134e-05 -5.755079770994597370e-07 -1.440187944626043584e-05 2.211234839231494741e-05 -7.296191633738133471e-05 -2.880475715024794544e-03 1.206277450150679449e-02 1.051582474548276884e-03 -1.989667033344610849e-04 -7.370091652757394633e-03 1.812013468620295685e-03 -3.218086577720580461e-04
-1.180640379895912685e-08 7.774783108402120893e-05 4.171202494169757517e-05 2.042424180850274718e-06 -2.175395440537019500e-05 6.107371346094738265e-04 7.535983781230997432e-05 -1.621448261937652067e-03 1.051582474548276884e-03 7.978105808001043769e-03 -1.380243248142502387e-03 -1.234748325818187803e-02 3.080676208513609664e-03 1.095854170185854641e-04
2.365372189922038337e-09 -2.110480379685526414e-05 -8.581800040133191567e-06 -3.592656316658415824e-07 4.026148380950390485e-06 -9.898724246087538497e-05 -1.739184916617548312e-05 3.199465361210195838e-04 -1.989667033344610849e-04 -1.380243248142502387e-03 2.699015875211264927e-04 2.141631320868439201e-03 -5.931742000152169774e-04 -2.960035605496775081e-05
3.077005825448234263e-08 2.344366177003260454e-05 -8.417266038414596065e-05 -2.901444545625081929e-06 3.757808706115040151e-05 -1.057888199856385015e-03 -5.951129928854072097e-05 4.341011182902299731e-03 -7.370091652757394633e-03 -1.234748325818187803e-02 2.141631320868439201e-03 2.289013615302424795e-02 -5.690238797048253160e-03 -1.726855660225107942e-04
-7.197370699633939232e-09 8.910688066942024931e-06 2.528880807181683980e-05 7.414791125484762279e-07 -1.056966510591430657e-05 2.566789004865047911e-04 2.417771029134083922e-05 -1.143978175149550601e-03 1.812013468620295685e-03 3.080676208513609664e-03 -5.931742000152169774e-04 -5.690238797048253160e-03 1.541298210292453780e-03 6.747603882067836382e-05
-4.830203937113853419e-09 -3.455486135656857100e-06 -1.484397507411371596e-06 1.175057819308904993e-07 1.154903180679532651e-06 3.273814976092493127e-05 -3.209245389995363157e-06 -3.720650642499818365e-04 -3.218086577720580461e-04 1.095854170185854641e-04 -2.960035605496775081e-05 -1.726855660225107942e-04 6.747603882067836382e-05 1.718662120324169985e-04
