# cosmomc_theta logA ns ombh2 omch2 Alens tau a_tSZ a_kSZ a_p beta_p a_c beta_c a_s
2.019494530190537036e-12 -1.671789846138952333e-09 2.138011030828883343e-09 1.243644178631750582e-11 -8.012981357503246551e-10 1.236075107628963772e-08 2.197797544506856242e-10 1.784914678489049719e-09 -1.695534944332778789e-09 -2.229755638276049700e-09 7.389962514827252555e-10 7.010963717361371167e-09 -2.160231595885380075e-09 3.060860760296427503e-10
-1.671789846138952333e-09 2.204862659730142185e-04 -9.266020113458559390e-06 -5.126728289810615768e-08 3.221367974696656921e-06 -2.530829895345950114e-04 1.043685115324901816e-04 2.143911908801357885e-05 -5.431242918415767968e-05 8.687771318459849693e-05 -1.251368335627782968e-05 -1.780825461203528045e-04 4.180639299120586093e-05 -1.739842055677945641e-05
2.138011030828883343e-09 -9.266020113458559390e-06 1.105089564234260663e-05 -4.737731208001154765e-08 -2.749996765736155010e-06 3.864631046186029682e-05 8.997388588298858987e-07 -3.857496908075670667e-06 -1.101824241547118922e-05 1.952742942282870465e-05 -2.490725265453872645e-06 -1.795134303382819505e-05 3.385613413687130583e-06 3.410720488971598467e-06
1.243644178631750582e-11 -5.126728289810615768e-08 -4.737731208001154765e-08 4.330883328624836620e-09 -1.950223394656478757e-08 2.977897333884839380e-07 -2.431265177049879427e-08 -1.800518943947756556e-07 -3.283236643013586206e-07 7.099794396619603100e-07 -1.248524630787122544e-07 -8.457981291832019032e-07 2.254744439846614977e-07 6.260380618107803542e-08
-8.012981357503246551e-10 3.221367974696656921e-06 -2.749996765736155010e-06 -1.950223394656478757e-08 1.297420208672493014e-06 -1.806190239583038126e-05 -1.759431249712469432e-07 1.649308292890653967e-07 -1.071516177242611279e-05 -7.792220233341559189e-07 -3.350955550485336103e-07 3.336544498635058508e-07 6.628045836581982089e-07 -2.409210655889865979e-07
1.236075107628963772e-08 -2.530829895345950114e-04 3.864631046186029682e-05 2.977897333884839380e-07 -1.806190239583038126e-05 6.398836046996181229e-04 -1.004819865120699528e-04 -6.183535527807110233e-05 -2.054447314763164958e-04 8.758443525650230191e-05 -1.227996542909999310e-05 -5.886043248146362449e-06 -2.122689289016103816e-06 4.329726238826730496e-05
2.197797544506856242e-10 1.043685115324901816e-04 8.997388588298858987e-07 -2.431265177049879427e-08 -1.759431249712468903e-07 -1.004819865120699528e-04 5.252412928725832218e-05 1.000369394787713713e-05 -1.891985401375583444e-05 4.701825135502109613e-05 -6.159266678669084119e-06 -9.104219971529042095e-05 2.039649558944978748e-05 -7.849290818530888812e-06
1.784914678489049719e-09 2.143911908801357885e-05 -3.857496908075670667e-06 -1.800518943947756556e-07 1.649308292890653967e-07 -6.183535527807110233e-05 1.000369394787713882e-05 2.022581253723877703e-03 -2.793632697605916929e-03 -1.706750986868280117e-04 5.215112049705781638e-05 1.812776020069873381e-03 -4.973470830500086905e-04 -2.907892909552893318e-04
-1.695534944332779410e-09 -5.431242918415767968e-05 -1.101824241547118922e-05 -3.283236643013585676e-07 -1.071516177242611448e-05 -2.054447314763164958e-04 -1.891985401375583444e-05 -2.793632697605916929e-03 1.101304178465531414e-02 -1.659553875352815649e-03 2.648298829999539252e-04 -2.523853754554493921e-03 6.479069388983382674e-04 -1.529645645731933794e-04
-2.229755638276049700e-09 8.687771318459849693e-05 1.952742942282870465e-05 7.099794396619603100e-07 -7.792220233341559189e-07 8.758443525650230191e-05 4.701825135502109613e-05 -1.706750986868280117e-04 -1.659553875352815649e-03 6.053428508364855007e-03 -1.012472673870433567e-03 -8.158282033503602010e-03 2.023914826551865501e-03 3.110667154322732040e-05
7.389962514827252555e-10 -1.251368335627782968e-05 -2.490725265453872645e-06 -1.248524630787122544e-07 -3.350955550485336103e-07 -1.227996542909999310e-05 -6.159266678669084119e-06 5.215112049705781638e-05 2.648298829999539252e-04 -1.012472673870433567e-03 2.027638775343621890e-04 1.362535901354803517e-03 -3.994130876822219356e-04 -9.138623146936499902e-06
7.010963717361371167e-09 -1.780825461203528045e-04 -1.795134303382819505e-05 -8.457981291832019032e-07 3.336544498635058508e-07 -5.886043248146362449e-06 -9.104219971529042095e-05 1.812776020069873381e-03 -2.523853754554493921e-03 -8.158282033503602010e-03 1.362535901354803517e-03 1.416930648492735131e-02 -3.510560052117592169e-03 -7.014440682771996101e-05
-2.160231595885380075e-09 4.180639299120586093e-05 3.385613413687130583e-06 2.254744439846614977e-07 6.628045836581982089e-07 -2.122689289016103816e-06 2.039649558944978748e-05 -4.973470830500086905e-04 6.479069388983382674e-04 2.023914826551865501e-03 -3.994130876822219356e-04 -3.510560052117592169e-03 9.956015327883529706e-04 2.646325455341274238e-05
3.060860760296427503e-10 -1.739842055677945641e-05 3.410720488971598467e-06 6.260380618107803542e-08 -2.409210655889865979e-07 4.329726238826730496e-05 -7.849290818530888812e-06 -2.907892909552893318e-04 -1.529645645731933794e-04 3.110667154322732040e-05 -9.138623146936499902e-06 -7.014440682771996101e-05 2.646325455341274238e-05 1.263592987989723955e-04
