# cosmomc_theta logA ns ombh2 omch2 Alens tau a_tSZ a_kSZ a_p beta_p a_c beta_c a_s
2.405248715763864602e-12 3.977168882686144345e-09 2.375505341715766278e-09 7.892029150090561496e-12 -6.672061463971383565e-10 4.337060403532479393e-09 3.096245544861540968e-09 4.603521447353200595e-09 5.694466059213138764e-10 -2.701891668578497002e-09 -3.672029108065142502e-10 9.712532165524067090e-09 -8.788967305590070517e-10 -2.822766696140400022e-09
3.977168882686144345e-09 7.785753772156526944e-05 4.670417707818747303e-06 -8.359525427656435374e-08 -3.073121785724863051e-07 -5.813374138398724939e-05 3.961884976161763824e-05 1.351146954616496009e-05 -3.003857611490106999e-04 2.077529312176384132e-04 -5.339925688347698887e-05 -1.483754084794397683e-04 7.630352903263547964e-05 1.109551522124116717e-05
2.375505341715766278e-09 4.670417707818747303e-06 1.024987104955636281e-05 -3.085730128738861386e-08 -2.443846906683901505e-06 2.104172863246263432e-05 7.428936041910768697e-06 -3.007297683920917081e-05 4.052838732412164405e-05 3.447504209761676532e-05 -7.390114188259325056e-06 -5.983130246063493091e-05 1.988286435421923151e-05 1.129506217374555795e-06
7.892029150090561496e-12 -8.359525427656435374e-08 -3.085730128738861386e-08 3.160749774223762752e-09 -1.897886894100617223e-08 3.205483244514047722e-07 -3.387609455955153520e-08 4.122149570106635543e-07 -1.002971493931267201e-06 9.763190698418032677e-07 -1.676685147921166792e-07 -9.132166164346627133e-07 2.509861419268220515e-07 -1.386559227631866341e-08
-6.672061463971383565e-10 -3.073121785724863051e-07 -2.443846906683901505e-06 -1.897886894100617223e-08 1.111392180152112580e-06 -1.245791190847985452e-05 -1.787255758848894562e-06 -1.443039850843035079e-06 -1.026554485133363227e-05 -6.992727926739077602e-06 1.326599277966090580e-06 9.287830237603837645e-06 -3.227312278533047009e-06 1.157787418896487016e-06
4.337060403532479393e-09 -5.813374138398724939e-05 2.104172863246263432e-05 3.205483244514047722e-07 -1.245791190847985452e-05 3.693732413864297135e-04 -1.112229568175389671e-05 -1.612546224923176188e-04 1.862928465397472211e-04 4.279147336018746103e-04 -6.747784436687446563e-05 -8.440893501124276718e-04 2.059934023360427823e-04 1.500303302290356637e-05
3.096245544861540968e-09 3.961884976161763824e-05 7.428936041910768697e-06 -3.387609455955153520e-08 -1.787255758848894562e-06 -1.112229568175389671e-05 2.320831682151343339e-05 -1.331034269839680015e-06 -1.228967728266381037e-04 1.200259969570175139e-04 -2.987410481246401150e-05 -1.031340047620325437e-04 4.723569195388629022e-05 4.447736324807920190e-06
4.603521447353200595e-09 1.351146954616496009e-05 -3.007297683920917081e-05 4.122149570106635543e-07 -1.443039850843035079e-06 -1.612546224923176188e-04 -1.331034269839680015e-06 2.781484995586930038e-03 -3.129416580157172618e-03 -1.491746862668057606e-03 3.375222591963600522e-04 4.358320399955319460e-03 -1.243391223928919619e-03 -4.815372021465437881e-04
5.694466059213138764e-10 -3.003857611490106999e-04 4.052838732412164405e-05 -1.002971493931267201e-06 -1.026554485133363227e-05 1.862928465397472211e-04 -1.228967728266381037e-04 -3.129416580157172618e-03 1.030707226297955699e-02 -2.217006560062385022e-03 3.740999613814819887e-04 -1.995085748809370153e-03 3.835840601682719681e-04 4.968037127614117750e-05
-2.701891668578497002e-09 2.077529312176384132e-04 3.447504209761676532e-05 9.763190698418032677e-07 -6.992727926739077602e-06 4.279147336018746103e-04 1.200259969570175139e-04 -1.491746862668057606e-03 -2.217006560062385022e-03 8.308406373447756177e-03 -1.539783133972364750e-03 -1.173945655576261182e-02 3.269357102683877539e-03 4.508902515823125603e-04
-3.672029108065142502e-10 -5.339925688347698887e-05 -7.390114188259325056e-06 -1.676685147921166792e-07 1.326599277966090580e-06 -6.747784436687446563e-05 -2.987410481246401150e-05 3.375222591963600522e-04 3.740999613814819887e-04 -1.539783133972364750e-03 3.201666124049497601e-04 2.197420906184792411e-03 -6.751833038806690987e-04 -9.624904550633781291e-05
9.712532165524067090e-09 -1.483754084794397683e-04 -5.983130246063493091e-05 -9.132166164346627133e-07 9.287830237603837645e-06 -8.440893501124276718e-04 -1.031340047620325437e-04 4.358320399955319460e-03 -1.995085748809370153e-03 -1.173945655576261182e-02 2.197420906184792411e-03 2.024646951100724998e-02 -5.525111055955852016e-03 -8.430915522432152641e-04
-8.788967305590070517e-10 7.630352903263547964e-05 1.988286435421923151e-05 2.509861419268220515e-07 -3.227312278533047009e-06 2.059934023360427823e-04 4.723569195388629022e-05 -1.243391223928919619e-03 3.835840601682719681e-04 3.269357102683877539e-03 -6.751833038806690987e-04 -5.525111055955852016e-03 1.639846817565101698e-03 2.569825928153571877e-04
-2.822766696140400022e-09 1.109551522124116717e-05 1.129506217374555795e-06 -1.386559227631866341e-08 1.157787418896487016e-06 1.500303302290356637e-05 4.447736324807920190e-06 -4.815372021465437881e-04 4.968037127614117750e-05 4.508902515823125603e-04 -9.624904550633781291e-05 -8.430915522432152641e-04 2.569825928153571877e-04 1.548142225200636532e-04
