# cosmomc_theta logA ns ombh2 omch2 Alens tau a_tSZ a_kSZ a_p beta_p a_c beta_c a_s
1.508157089750078328e-12 2.284547762565747050e-09 9.505049576549906759e-10 3.039281835705684380e-11 -5.531454789410415436e-10 4.397407305356767450e-09 1.745976192537906533e-09 1.069198204324058357e-09 1.209600169220152826e-08 -7.377478214835491617e-09 1.834911108110532752e-09 1.001694673887315355e-08 -3.040556222885787700e-09 -7.742946262728077759e-10
2.284547762565747050e-09 1.383468198566178639e-04 4.920003216141812933e-06 2.173359501464366229e-08 -1.737174676029337733e-06 -1.194536037111612045e-04 7.249382633583432479e-05 -1.112738583085280008e-04 2.630041209503997113e-04 7.640689407219995559e-05 -8.652779984090335855e-06 -2.902092719215387654e-04 6.142329386272444886e-05 -4.261358253081900938e-06
9.505049576549906759e-10 4.920003216141812933e-06 7.329366246297884791e-06 -1.127797813372599962e-09 -1.952460276568857424e-06 1.459019938694874866e-05 6.419944586728467703e-06 -1.996818442412538790e-05 2.670844890678706737e-05 1.872565010419380323e-05 -3.598628741533007039e-06 -3.268690414840225064e-05 8.082577869440294075e-06 1.829393655229821183e-06
3.039281835705684380e-11 2.173359501464366229e-08 -1.127797813372599962e-09 4.333998341835057769e-09 -3.370439590994317490e-08 4.718608422164446866e-07 3.835829309666098708e-08 -1.268988122889263628e-07 -3.860604587769237368e-07 5.308957603771945125e-07 -7.954674887742095893e-08 -8.259170682000724430e-07 1.849002888790384913e-07 4.659493291090359849e-08
-5.531454789410415436e-10 -1.737174676029337733e-06 -1.952460276568857424e-06 -3.370439590994317490e-08 1.041554059932177771e-06 -9.392729372726397785e-06 -2.268523377319766328e-06 6.499362377022784530e-06 -1.775199922156065033e-05 -3.179059253169870423e-06 6.641114668310789822e-07 9.674369351315194050e-06 -2.466984323736797794e-06 -2.469937777443814542e-07
4.397407305356767450e-09 -1.194536037111612045e-04 1.459019938694874866e-05 4.718608422164446866e-07 -9.392729372726397785e-06 3.863107825031074014e-04 -4.624245623468895298e-05 -1.472340341443514902e-05 -3.353301893281537978e-04 6.186522389875482014e-05 -1.954956727318108480e-05 1.059913913943356787e-05 8.199539539241728356e-06 2.708999181644187654e-05
1.745976192537906533e-09 7.249382633583432479e-05 6.419944586728469398e-06 3.835829309666098708e-08 -2.268523377319766328e-06 -4.624245623468895298e-05 4.052028493762344135e-05 -6.611100656332074643e-05 1.493471943370720475e-04 4.539421117566815847e-05 -5.662445942122787790e-06 -1.607294765264387772e-04 3.461224790695933799e-05 -1.255297553980805696e-06
1.069198204324058357e-09 -1.112738583085280008e-04 -1.996818442412538790e-05 -1.268988122889263628e-07 6.499362377022784530e-06 -1.472340341443514902e-05 -6.611100656332074643e-05 2.317144639752943044e-03 -3.606826446587500096e-03 -5.205463176221541500e-04 1.193703341170555327e-04 2.821756686154626523e-03 -7.057267328819839943e-04 -2.875273088755797221e-04
1.209600169220152826e-08 2.630041209503997113e-04 2.670844890678706737e-05 -3.860604587769237368e-07 -1.775199922156065033e-05 -3.353301893281537978e-04 1.493471943370720475e-04 -3.606826446587500096e-03 1.135169779252788100e-02 4.535231441690950119e-04 -1.210663588060936920e-04 -5.929577449025858274e-03 1.490444708657504913e-03 -6.303728243594848915e-05
-7.377478214835491617e-09 7.640689407219995559e-05 1.872565010419380323e-05 5.308957603771945125e-07 -3.179059253169870423e-06 6.186522389875482014e-05 4.539421117566815847e-05 -5.205463176221541500e-04 4.535231441690950119e-04 4.098623394117695100e-03 -6.935506754927416289e-04 -6.465895901246394503e-03 1.440416790737605521e-03 -3.121460734402414940e-05
1.834911108110532752e-09 -8.652779984090335855e-06 -3.598628741533007039e-06 -7.954674887742095893e-08 6.641114668310789822e-07 -1.954956727318108480e-05 -5.662445942122787790e-06 1.193703341170555327e-04 -1.210663588060936920e-04 -6.935506754927416289e-04 1.492464488466734929e-04 1.092516989491774081e-03 -3.020148619767106836e-04 4.207882948316267449e-07
1.001694673887315355e-08 -2.902092719215387654e-04 -3.268690414840225064e-05 -8.259170682000724430e-07 9.674369351315194050e-06 1.059913913943356787e-05 -1.607294765264387772e-04 2.821756686154626523e-03 -5.929577449025858274e-03 -6.465895901246394503e-03 1.092516989491774081e-03 1.345337338979283801e-02 -3.042747644643745229e-03 -1.914643360486375815e-05
-3.040556222885787700e-09 6.142329386272444886e-05 8.082577869440294075e-06 1.849002888790384913e-07 -2.466984323736797794e-06 8.199539539241728356e-06 3.461224790695933799e-05 -7.057267328819839943e-04 1.490444708657504913e-03 1.440416790737605521e-03 -3.020148619767106836e-04 -3.042747644643745229e-03 8.089379644064105491e-04 9.574179311140121036e-06
-7.742946262728077759e-10 -4.261358253081900938e-06 1.829393655229821183e-06 4.659493291090359849e-08 -2.469937777443814542e-07 2.708999181644187654e-05 -1.255297553980805696e-06 -2.875273088755797221e-04 -6.303728243594848915e-05 -3.121460734402414940e-05 4.207882948316267449e-07 -1.914643360486375815e-05 9.574179311140121036e-06 1.202866232459978945e-04
