# cosmomc_theta logA ns ombh2 omch2 Alens tau a_tSZ a_kSZ a_p beta_p a_c beta_c a_s
1.393552651650987444e-12 1.131391040654222770e-09 1.622929840891633088e-09 2.880351647110331210e-11 -6.994418407277614059e-10 8.598461764770263825e-09 1.502653901648397231e-09 -1.167252843158000043e-08 1.745644034576991897e-08 -3.658059734158772040e-09 1.084175163372009440e-09 -5.890456330860229305e-09 4.695522628576482824e-10 3.360346449635559512e-09
1.131391040654222770e-09 2.140492387844173251e-04 4.294925149608680223e-06 1.908779264691643231e-08 -1.232927322833704132e-06 -2.060927330123817547e-04 1.097432650360157945e-04 -3.934203552954011567e-05 -7.168881828505844166e-05 2.758951382323238761e-04 -3.320326737022630796e-05 -4.723480016020908403e-04 8.386755249452566320e-05 1.837595634377810102e-05
1.622929840891633088e-09 4.294925149608680223e-06 7.356023089678287643e-06 3.587956306025559850e-08 -2.290185556367811585e-06 2.173422014832368266e-05 6.208040817001215328e-06 -2.744441548931061031e-05 1.281579507725210158e-05 -6.128246413874246162e-06 -1.000639858595463268e-06 -2.127105150472127459e-06 4.029968245381442084e-06 6.806159121421342558e-06
2.880351647110331210e-11 1.908779264691643231e-08 3.587956306025559850e-08 2.870646887291781526e-09 -3.265177676459134454e-08 3.426791358214513157e-07 4.976614135691527125e-08 2.583021467759987387e-08 -5.186924985306873206e-07 1.752802267317536204e-08 1.985648978545342994e-08 -3.335857676611159340e-08 -2.987931152062194101e-08 8.022797587583808680e-08
-6.994418407277614059e-10 -1.232927322833704132e-06 -2.290185556367811585e-06 -3.265177676459134454e-08 1.183016032000513587e-06 -1.340877901332165679e-05 -2.196096456004443415e-06 5.447416715917841830e-06 -1.298374840186572232e-05 6.468331803162383662e-06 -4.192295677660461620e-07 -3.240858537575323847e-06 -4.070986504864933325e-07 -1.238400616609681381e-06
8.598461764770263825e-09 -2.060927330123817547e-04 2.173422014832368266e-05 3.426791358214513157e-07 -1.340877901332165679e-05 5.395314903215194923e-04 -8.597920324589832658e-05 -6.660446875202198137e-05 1.299051795616464869e-04 -2.850732448637166507e-04 3.159265040311421785e-05 3.868384879547660284e-04 -6.370348933693369489e-05 9.112000361126335916e-06
1.502653901648397438e-09 1.097432650360157945e-04 6.208040817001215328e-06 4.976614135691527125e-08 -2.196096456004443839e-06 -8.597920324589832658e-05 5.889769659417094517e-05 -2.995267359102716433e-05 -3.173417169739828792e-05 1.304383782280253701e-04 -1.611653298937953927e-05 -2.290126985918783918e-04 4.168322848285050568e-05 1.217502352303209005e-05
-1.167252843158000043e-08 -3.934203552954011567e-05 -2.744441548931061031e-05 2.583021467759987387e-08 5.447416715917841830e-06 -6.660446875202198137e-05 -2.995267359102716433e-05 1.816726688629719715e-03 -2.562765940972511116e-03 -8.369582332963022581e-05 2.955698444484311795e-05 1.644477554501225409e-03 -4.168913551379180055e-04 -2.810773364393384850e-04
1.745644034576991897e-08 -7.168881828505844166e-05 1.281579507725210158e-05 -5.186924985306872147e-07 -1.298374840186572063e-05 1.299051795616464869e-04 -3.173417169739829470e-05 -2.562765940972511116e-03 9.101290523455944984e-03 -1.644670057829457192e-04 -2.753617851374117519e-05 -4.103236335030180371e-03 1.073302893743685983e-03 -1.329911853007435547e-04
-3.658059734158772040e-09 2.758951382323238761e-04 -6.128246413874246162e-06 1.752802267317536204e-08 6.468331803162383662e-06 -2.850732448637166507e-04 1.304383782280253701e-04 -8.369582332963022581e-05 -1.644670057829457192e-04 3.712484632748766847e-03 -5.677427346343420604e-04 -5.617830853849392972e-03 1.157622640245104407e-03 -6.882577922650697454e-05
1.084175163372009440e-09 -3.320326737022630796e-05 -1.000639858595463268e-06 1.985648978545342994e-08 -4.192295677660461620e-07 3.159265040311421785e-05 -1.611653298937953927e-05 2.955698444484311795e-05 -2.753617851374117519e-05 -5.677427346343420604e-04 1.202744226648006816e-04 8.561188496003573024e-04 -2.356615429680576060e-04 1.221294510218172405e-05
-5.890456330860229305e-09 -4.723480016020908403e-04 -2.127105150472127459e-06 -3.335857676611159340e-08 -3.240858537575323847e-06 3.868384879547660284e-04 -2.290126985918783918e-04 1.644477554501225409e-03 -4.103236335030180371e-03 -5.617830853849392972e-03 8.561188496003573024e-04 1.143238086791369817e-02 -2.445150965478516680e-03 6.068454738330208694e-05
4.695522628576482824e-10 8.386755249452566320e-05 4.029968245381442084e-06 -2.987931152062194101e-08 -4.070986504864933325e-07 -6.370348933693369489e-05 4.168322848285050568e-05 -4.168913551379180055e-04 1.073302893743685983e-03 1.157622640245104407e-03 -2.356615429680576060e-04 -2.445150965478516680e-03 6.411613407150317185e-04 -1.414527956798634955e-05
3.360346449635559512e-09 1.837595634377810102e-05 6.806159121421342558e-06 8.022797587583808680e-08 -1.238400616609681381e-06 9.112000361126335916e-06 1.217502352303209005e-05 -2.810773364393384850e-04 -1.329911853007435547e-04 -6.882577922650697454e-05 1.221294510218172405e-05 6.068454738330208694e-05 -1.414527956798634955e-05 1.339662720841452645e-04
