# cosmomc_theta logA ns ombh2 omch2 Alens tau a_tSZ a_kSZ a_p beta_p a_c beta_c a_s
1.992236655456004243e-12 -1.671642207674121715e-09 1.733766660623373557e-09 1.387379567744061340e-11 -7.617984440013002784e-10 1.375380364152538380e-08 9.385269759576061936e-11 1.474049524410290891e-09 -7.557545094857211661e-10 -3.208822458809201427e-09 5.089151356066233210e-10 8.427961049531707665e-09 -1.838624658114971895e-09 3.859315890469360229e-10
-1.671642207674121715e-09 2.134846087816792335e-04 -9.775892119107508567e-06 -4.817870496028107605e-08 3.085197744668738429e-06 -2.590274614671862936e-04 1.003566103877789081e-04 1.891985088481378948e-05 -8.472548995545501824e-05 8.361869334477905596e-06 -1.067829506812360774e-06 2.311730115561703025e-06 -1.494044081405336325e-06 -1.091071365728423745e-05
1.733766660623373557e-09 -9.775892119107508567e-06 8.905867964654322767e-06 -2.520732227204092521e-08 -2.354206032529162778e-06 3.637195935840777968e-05 -2.478848741397046036e-07 -2.082488675599402090e-06 -1.202602282187105249e-05 3.606522342592522049e-06 1.975698803040451265e-07 4.919484116833924747e-06 -2.584177134946813881e-06 4.395417618525894430e-06
1.387379567744061340e-11 -4.817870496028107605e-08 -2.520732227204092521e-08 4.255060857453192880e-09 -2.659597459627710216e-08 4.071388537791119161e-07 -7.886645356521154482e-09 -1.923606305893248065e-07 -1.207033954536511224e-07 3.270599271842660537e-07 -5.349186483532941012e-08 -5.586984085995416615e-07 1.238395380047379259e-07 2.763474303970224057e-08
-7.617984440013002784e-10 3.085197744668738429e-06 -2.354206032529162778e-06 -2.659597459627710216e-08 1.209677346686046101e-06 -1.799867806981871420e-05 -1.015860305719837305e-07 1.894295159854903661e-07 -6.930296786418615905e-06 6.221088736267453449e-06 -1.361866436869255115e-06 -1.026662848042310742e-05 2.862731474563563802e-06 -6.424598316403488276e-07
1.375380364152538380e-08 -2.590274614671862936e-04 3.637195935840777968e-05 4.071388537791119161e-07 -1.799867806981871420e-05 6.934491408337642004e-04 -1.031325758692253942e-04 -1.110625814480311631e-04 -1.450884422235896470e-04 6.429765837066099207e-05 -1.082936479127824682e-05 -4.498235207542097255e-05 9.569663261718821455e-06 4.950441441072700612e-05
9.385269759576065813e-11 1.003566103877789081e-04 -2.478848741397046036e-07 -7.886645356521156137e-09 -1.015860305719837173e-07 -1.031325758692253942e-04 4.992120089540951866e-05 1.015800926059738704e-05 -4.082835370695934090e-05 1.208531027413662519e-07 6.863636423697735460e-07 1.118150009676483511e-05 -3.946203742800773759e-06 -3.960586245327245046e-06
1.474049524410290891e-09 1.891985088481378948e-05 -2.082488675599402090e-06 -1.923606305893248065e-07 1.894295159854903661e-07 -1.110625814480311631e-04 1.015800926059738704e-05 2.172631855570488543e-03 -3.226761939105956493e-03 -7.074267904910070022e-04 1.549741901044170687e-04 2.952115289200645584e-03 -7.417444129738371122e-04 -2.720819162962363953e-04
-7.557545094857211661e-10 -8.472548995545501824e-05 -1.202602282187105249e-05 -1.207033954536511224e-07 -6.930296786418615905e-06 -1.450884422235896470e-04 -4.082835370695934090e-05 -3.226761939105956493e-03 1.140425491193467269e-02 5.245879209716067812e-04 -1.655557968785021869e-04 -6.291671087194415299e-03 1.593758362798593058e-03 -1.466342678923532989e-04
-3.208822458809201427e-09 8.361869334477905596e-06 3.606522342592522049e-06 3.270599271842660537e-07 6.221088736267453449e-06 6.429765837066099207e-05 1.208531027413712282e-07 -7.074267904910070022e-04 5.245879209716067812e-04 5.501360911238833799e-03 -9.635757465104989681e-04 -8.594792694603553898e-03 2.031624339720679209e-03 4.314015177586373134e-05
5.089151356066233210e-10 -1.067829506812360774e-06 1.975698803040451265e-07 -5.349186483532941012e-08 -1.361866436869255115e-06 -1.082936479127824682e-05 6.863636423697735460e-07 1.549741901044170687e-04 -1.655557968785021869e-04 -9.635757465104989681e-04 2.012636604143545785e-04 1.539576489343142795e-03 -4.231587324205201509e-04 -9.567194439350144267e-06
8.427961049531707665e-09 2.311730115561703025e-06 4.919484116833924747e-06 -5.586984085995416615e-07 -1.026662848042310742e-05 -4.498235207542097255e-05 1.118150009676484019e-05 2.952115289200645584e-03 -6.291671087194415299e-03 -8.594792694603553898e-03 1.539576489343142795e-03 1.698046427481407147e-02 -4.056472372068116103e-03 -7.757163674968363995e-05
-1.838624658114971895e-09 -1.494044081405336325e-06 -2.584177134946813881e-06 1.238395380047379259e-07 2.862731474563563802e-06 9.569663261718821455e-06 -3.946203742800773759e-06 -7.417444129738371122e-04 1.593758362798593058e-03 2.031624339720679209e-03 -4.231587324205201509e-04 -4.056472372068116103e-03 1.088166790201238214e-03 2.340546743887433751e-05
3.859315890469360229e-10 -1.091071365728423745e-05 4.395417618525894430e-06 2.763474303970224057e-08 -6.424598316403488276e-07 4.950441441072700612e-05 -3.960586245327245046e-06 -2.720819162962363953e-04 -1.466342678923532989e-04 4.314015177586373134e-05 -9.567194439350144267e-06 -7.757163674968363995e-05 2.340546743887433751e-05 1.189016375337092205e-04
