# cosmomc_theta logA ns ombh2 omch2 Alens tau a_tSZ a_kSZ a_p beta_p a_c beta_c a_s
1.975561235319381888e-12 -2.444497758519699016e-09 1.975468624747488208e-09 3.579816764589367892e-12 -6.311704636406827323e-10 1.136279997911357506e-08 -2.985504677170371298e-10 4.508908154495092723e-09 1.254615378912255273e-09 1.488463500915025463e-09 -4.279663343498178217e-10 -1.078102638778364254e-09 6.216749939497782052e-10 -9.699016700407985389e-10
-2.444497758519699016e-09 2.123131049555084210e-04 -1.200761496900294387e-05 -5.549280837634856154e-08 3.805356784189738726e-06 -2.636805274166455367e-04 9.922779943555352618e-05 1.476679513862532944e-05 -2.125675857011298888e-05 4.691163152571225500e-07 1.150499241597877503e-06 -4.069253474503355496e-05 8.697536606847919966e-06 -6.637839982353896910e-06
1.975468624747488208e-09 -1.200761496900294387e-05 1.082256898753317144e-05 -4.529927682258530279e-08 -2.547630389384299256e-06 3.982581485872012394e-05 -6.318136330970883335e-07 -4.397206323654438171e-06 -1.042280306767989702e-05 3.517542098517549988e-05 -7.054795329928952136e-06 -4.287487597761544618e-05 1.212252610694115103e-05 1.488678501870247661e-06
3.579816764589367892e-12 -5.549280837634856154e-08 -4.529927682258530279e-08 3.920166413459369050e-09 -2.093288330791405755e-08 3.331462212749882323e-07 -2.474540780032596394e-08 -4.562246761394167129e-07 1.793954663501187351e-07 4.029462535267220964e-07 -5.850324596724284388e-08 -8.604433640630144018e-07 1.962390975919302303e-07 1.024674488506460168e-07
-6.311704636406827323e-10 3.805356784189738726e-06 -2.547630389384299256e-06 -2.093288330791405755e-08 1.187717925992664156e-06 -1.791650312606807944e-05 2.349505394038127065e-07 2.217193796605432968e-06 -1.000448266962579410e-05 -6.743773816311154603e-06 1.268883926162533941e-06 1.173490364315366687e-05 -2.991093906378920360e-06 7.459213407710593217e-09
1.136279997911357506e-08 -2.636805274166455367e-04 3.982581485872012394e-05 3.331462212749882323e-07 -1.791650312606807944e-05 6.871717230293672646e-04 -1.050378695728145564e-04 -1.303835551424973487e-04 -1.552254435612422797e-04 2.928151623706764552e-04 -5.151548918235817882e-05 -3.732529015625804200e-04 9.218808993438633271e-05 2.840583191586966804e-05
-2.985504677170371815e-10 9.922779943555352618e-05 -6.318136330970883335e-07 -2.474540780032596394e-08 2.349505394038127065e-07 -1.050378695728145564e-04 4.930055999755478274e-05 5.494043591901734849e-06 -7.514085576696084013e-06 1.639618389254905294e-05 -2.627479021655870173e-06 -4.226597230487189272e-05 1.047302399819985695e-05 -3.089601075184057943e-06
4.508908154495092723e-09 1.476679513862532944e-05 -4.397206323654438171e-06 -4.562246761394167129e-07 2.217193796605432968e-06 -1.303835551424973487e-04 5.494043591901733154e-06 2.215320834488347136e-03 -2.787720696991033073e-03 -4.993086745624682318e-04 1.143259284927851399e-04 2.309260257456797246e-03 -6.099578744487829706e-04 -3.281933240630640963e-04
1.254615378912255273e-09 -2.125675857011298888e-05 -1.042280306767989702e-05 1.793954663501187351e-07 -1.000448266962579410e-05 -1.552254435612422797e-04 -7.514085576696084013e-06 -2.787720696991033073e-03 1.032839509361177174e-02 -3.515625526611440414e-04 5.380646547092466866e-05 -4.190214711365662821e-03 1.005308819294011653e-03 -1.606913637148090271e-04
1.488463500915025463e-09 4.691163152571225500e-07 3.517542098517549988e-05 4.029462535267220964e-07 -6.743773816311154603e-06 2.928151623706764552e-04 1.639618389254905294e-05 -4.993086745624682318e-04 -3.515625526611440414e-04 5.781813500698410047e-03 -9.848568893430617501e-04 -8.434943874494407745e-03 2.010298641739629091e-03 3.172550506354080682e-05
-4.279663343498178217e-10 1.150499241597877503e-06 -7.054795329928952136e-06 -5.850324596724284388e-08 1.268883926162533941e-06 -5.151548918235817882e-05 -2.627479021655870173e-06 1.143259284927851399e-04 5.380646547092466866e-05 -9.848568893430617501e-04 2.013857394208934620e-04 1.431414034218712059e-03 -4.023303508733325098e-04 -1.253605308197258745e-05
-1.078102638778364254e-09 -4.069253474503355496e-05 -4.287487597761544618e-05 -8.604433640630144018e-07 1.173490364315366687e-05 -3.732529015625804200e-04 -4.226597230487189272e-05 2.309260257456797246e-03 -4.190214711365662821e-03 -8.434943874494407745e-03 1.431414034218712059e-03 1.538896057158876431e-02 -3.659288446736347691e-03 -5.820657795530755253e-05
6.216749939497782052e-10 8.697536606847919966e-06 1.212252610694115103e-05 1.962390975919302303e-07 -2.991093906378920360e-06 9.218808993438633271e-05 1.047302399819985526e-05 -6.099578744487829706e-04 1.005308819294011653e-03 2.010298641739629091e-03 -4.023303508733325098e-04 -3.659288446736347691e-03 9.932913745807638549e-04 3.051156999479941997e-05
-9.699016700407985389e-10 -6.637839982353896910e-06 1.488678501870247661e-06 1.024674488506460168e-07 7.459213407710593217e-09 2.840583191586966804e-05 -3.089601075184056673e-06 -3.281933240630640963e-04 -1.606913637148090271e-04 3.172550506354080682e-05 -1.253605308197258745e-05 -5.820657795530755253e-05 3.051156999479941997e-05 1.351027169816096710e-04
