# cosmomc_theta logA ns ombh2 omch2 Alens tau a_tSZ a_kSZ a_p beta_p a_c beta_c a_s
2.446824904742210972e-12 3.957270704115433590e-10 1.235684760125121329e-09 1.741841478612881670e-11 -5.206286915717585001e-10 7.239503527847886853e-09 8.282585676601362421e-10 -2.354867525911375805e-09 1.815808345203936467e-08 2.949030657895860706e-09 -9.858419440130170465e-10 -3.887276072353209222e-09 2.122142456910361374e-09 -5.382377604654203514e-10
3.957270704115433590e-10 2.627403423585338515e-04 -5.704016682584833151e-06 -8.919696638280618785e-08 4.423872805205711730e-06 -3.103469494346385200e-04 1.276173224693111360e-04 -3.042104999333300475e-04 2.440191367912637505e-04 4.150719668084256733e-04 -9.613636211557751625e-05 -8.227234105801846820e-04 2.691685584911417562e-04 4.984584453579836498e-05
1.235684760125121329e-09 -5.704016682584833151e-06 4.697719672637356012e-06 -1.479115337767214285e-08 -1.309670715339645707e-06 2.011442282002760083e-05 -4.115191186732039972e-07 -1.473410367037095137e-06 3.917992106689845025e-05 -1.142606913817668200e-05 3.388958123732961644e-06 -9.707682636775196868e-07 -2.430475912493168135e-06 -3.451362360820957826e-06
1.741841478612881670e-11 -8.919696638280618785e-08 -1.479115337767214285e-08 3.171724339905729308e-09 -1.345888762928570144e-08 2.463928441671383391e-08 -3.333349367066049757e-08 1.660831782956006842e-07 -2.750091782875917019e-08 -1.598876413339592071e-07 4.801052656182579031e-08 7.670969799030012646e-07 -2.202068885171251007e-07 -2.410167655962443997e-08
-5.206286915717585001e-10 4.423872805205711730e-06 -1.309670715339645707e-06 -1.345888762928570144e-08 8.669240385263359701e-07 -1.575671525856929458e-05 1.211859011618496747e-06 -2.457184824123183538e-06 -2.663612702023679060e-05 1.508207915713998371e-05 -2.654466321651419867e-06 -1.414455329743700161e-05 4.299540212730669096e-06 3.056853249030561411e-06
7.239503527847886853e-09 -3.103469494346385200e-04 2.011442282002760083e-05 2.463928441671383391e-08 -1.575671525856929458e-05 7.048457487772343943e-04 -1.392742676167337814e-04 2.959638152927195108e-04 -2.668123346473203454e-05 -4.541616901023723461e-04 1.045682394858929687e-04 7.339503949180970627e-04 -2.639053170332632367e-04 -9.090816998550842101e-05
8.282585676601362421e-10 1.276173224693111360e-04 -4.115191186732039972e-07 -3.333349367066049757e-08 1.211859011618496747e-06 -1.392742676167337814e-04 6.360558406457441315e-05 -1.532307605404513852e-04 1.619874074940901671e-04 1.901319881483272824e-04 -4.477515393493512893e-05 -4.002580525726377736e-04 1.309875945555476694e-04 2.142658015540524098e-05
-2.354867525911375805e-09 -3.042104999333300475e-04 -1.473410367037095137e-06 1.660831782956006842e-07 -2.457184824123183538e-06 2.959638152927195108e-04 -1.532307605404513852e-04 1.884563689855160316e-03 -2.607905213196528346e-03 7.255285380075768807e-04 -4.858328682170831001e-05 5.034973125819596591e-04 -2.983661800487708645e-04 -3.002395976911502039e-04
1.815808345203936467e-08 2.440191367912637505e-04 3.917992106689845025e-05 -2.750091782875917019e-08 -2.663612702023679060e-05 -2.668123346473203454e-05 1.619874074940901671e-04 -2.607905213196528346e-03 9.031993727667015498e-03 -2.684641835549918948e-03 3.763625645979016198e-04 -2.993726909487523210e-04 2.461180051220451261e-04 -5.620031739043474580e-05
2.949030657895860706e-09 4.150719668084256733e-04 -1.142606913817668200e-05 -1.598876413339592071e-07 1.508207915713998371e-05 -4.541616901023723461e-04 1.901319881483272824e-04 7.255285380075768807e-04 -2.684641835549918948e-03 5.300175619633545714e-03 -8.635414562645966387e-04 -6.431339192470486056e-03 1.554508463379940557e-03 -7.159082818521011918e-05
-9.858419440130170465e-10 -9.613636211557751625e-05 3.388958123732961644e-06 4.801052656182579031e-08 -2.654466321651419867e-06 1.045682394858929687e-04 -4.477515393493512893e-05 -4.858328682170831001e-05 3.763625645979016198e-04 -8.635414562645966387e-04 1.783405317869813430e-04 1.071216292474140444e-03 -3.300771483022122170e-04 5.469060009365904427e-07
-3.887276072353209222e-09 -8.227234105801846820e-04 -9.707682636775196868e-07 7.670969799030012646e-07 -1.414455329743700161e-05 7.339503949180970627e-04 -4.002580525726377736e-04 5.034973125819596591e-04 -2.993726909487523210e-04 -6.431339192470486056e-03 1.071216292474140444e-03 1.026005841779118952e-02 -2.552752862620942271e-03 4.395592135329392662e-05
2.122142456910361374e-09 2.691685584911417562e-04 -2.430475912493168135e-06 -2.202068885171251007e-07 4.299540212730669096e-06 -2.639053170332632367e-04 1.309875945555476694e-04 -2.983661800487708645e-04 2.461180051220451261e-04 1.554508463379940557e-03 -3.300771483022122170e-04 -2.552752862620942271e-03 7.812041008927231821e-04 1.896706231035914613e-05
-5.382377604654203514e-10 4.984584453579836498e-05 -3.451362360820957826e-06 -2.410167655962443997e-08 3.056853249030561411e-06 -9.090816998550842101e-05 2.142658015540524098e-05 -3.002395976911502039e-04 -5.620031739043474580e-05 -7.159082818521011918e-05 5.469060009365904427e-07 4.395592135329392662e-05 1.896706231035914613e-05 1.224261778620487889e-04
