# cosmomc_theta logA ns ombh2 omch2 Alens tau a_tSZ a_kSZ a_p beta_p a_c beta_c a_s
2.598806566511315794e-12 3.268560220325856097e-09 1.758500513730692586e-09 -2.478150859633111137e-12 -6.242516190755045555e-10 8.241060178998016737e-09 2.329320348214060897e-09 1.527740164682688048e-08 -2.346726008113006750e-08 4.968615935006342758e-09 -1.413695690095033767e-09 2.329894209838821835e-09 9.384321405400396018e-10 -1.527168468146150955e-09
3.268560220325856097e-09 1.466995397782778739e-04 -3.470359627742088137e-06 7.549974801847135683e-09 2.605055010990847190e-06 -1.734899713158893789e-04 7.061630027032083116e-05 -1.158325371358066836e-04 1.322148572003341435e-04 2.860011900128347053e-04 -4.796176066780122560e-05 -5.264010411217940298e-04 1.391959406807648887e-04 1.631722451348092297e-05
1.758500513730692586e-09 -3.470359627742088137e-06 9.998745530844968166e-06 -7.950205450976166293e-08 -2.145188184797755678e-06 1.828279693645522473e-05 2.851359292240791624e-06 1.130550961951758696e-05 -6.357672392825580078e-06 1.140518387036835326e-05 3.810603038370953313e-07 -4.637861397990437887e-06 -3.201873874384042714e-06 -2.154559922243128287e-06
-2.478150859633111137e-12 7.549974801847135683e-09 -7.950205450976166293e-08 3.944654835543436312e-09 -1.125310694807822378e-09 -4.312124930385983768e-08 -1.750261754045931633e-08 -6.896021101997992551e-07 -4.956332991864308412e-07 3.765944367696903263e-07 -1.213811150285380889e-07 -3.558501212450298124e-07 2.148284364482411699e-07 2.267752260997135292e-07
-6.242516190755045555e-10 2.605055010990847190e-06 -2.145188184797755678e-06 -1.125310694807822378e-09 9.639399737044225056e-07 -1.238637448856741922e-05 7.667621832556512155e-08 -4.766232341678789015e-06 -3.398427694798615721e-07 1.021518555794907507e-05 -1.782774438085543896e-06 -1.938343065817326041e-05 5.088725261611748504e-06 9.791595271560439226e-07
8.241060178998016737e-09 -1.734899713158893789e-04 1.828279693645522473e-05 -4.312124930385983768e-08 -1.238637448856741922e-05 5.177577962324530006e-04 -7.359575349616529936e-05 2.185165124642812220e-04 -4.524054462711805621e-04 -2.972085133770565007e-04 4.551513238490356348e-05 6.050376340391941951e-04 -1.595788182856362812e-04 -3.218806384333248712e-05
2.329320348214060897e-09 7.061630027032083116e-05 2.851359292240791624e-06 -1.750261754045931633e-08 7.667621832556512155e-08 -7.359575349616529936e-05 3.634353473257888225e-05 -5.478433375215354799e-05 6.699510816261135932e-05 1.391501889360251308e-04 -2.258739127819498345e-05 -2.518480491565862366e-04 6.533765742055049487e-05 7.519959350060671412e-06
1.527740164682688048e-08 -1.158325371358066836e-04 1.130550961951758696e-05 -6.896021101997992551e-07 -4.766232341678789015e-06 2.185165124642812220e-04 -5.478433375215354799e-05 2.527442365112506605e-03 -3.672841257710068169e-03 1.614871995388884038e-04 3.769010336703366217e-05 1.776069230748710632e-03 -5.862711902174758561e-04 -3.830840251142567099e-04
-2.346726008113006750e-08 1.322148572003341435e-04 -6.357672392825580078e-06 -4.956332991864308412e-07 -3.398427694798615721e-07 -4.524054462711805621e-04 6.699510816261135932e-05 -3.672841257710068169e-03 1.176873964978559714e-02 -1.630201341290690113e-03 1.872043516084788558e-04 -3.535477784054408615e-03 1.014454144846206130e-03 -2.030436270012782294e-06
4.968615935006342758e-09 2.860011900128347053e-04 1.140518387036835326e-05 3.765944367696903263e-07 1.021518555794907507e-05 -2.972085133770565007e-04 1.391501889360251308e-04 1.614871995388884038e-04 -1.630201341290690113e-03 5.865996290668915210e-03 -9.591046953154387005e-04 -8.067760608438508119e-03 1.911170042129999806e-03 -2.172289252344592736e-05
-1.413695690095033767e-09 -4.796176066780122560e-05 3.810603038370953313e-07 -1.213811150285380889e-07 -1.782774438085543896e-06 4.551513238490356348e-05 -2.258739127819498345e-05 3.769010336703366217e-05 1.872043516084788558e-04 -9.591046953154387005e-04 1.901207938922578982e-04 1.357244402021544815e-03 -3.853437593399326884e-04 -7.099787873042211606e-06
2.329894209838821835e-09 -5.264010411217940298e-04 -4.637861397990437887e-06 -3.558501212450298124e-07 -1.938343065817326041e-05 6.050376340391941951e-04 -2.518480491565862366e-04 1.776069230748710632e-03 -3.535477784054408615e-03 -8.067760608438508119e-03 1.357244402021544815e-03 1.487381763779311444e-02 -3.613594651628432124e-03 -1.785193733992916396e-05
9.384321405400396018e-10 1.391959406807648887e-04 -3.201873874384042714e-06 2.148284364482411699e-07 5.088725261611748504e-06 -1.595788182856362812e-04 6.533765742055049487e-05 -5.862711902174758561e-04 1.014454144846206130e-03 1.911170042129999806e-03 -3.853437593399326884e-04 -3.613594651628432124e-03 1.013185931236305513e-03 3.770625274141311292e-05
-1.527168468146150955e-09 1.631722451348092297e-05 -2.154559922243128287e-06 2.267752260997135292e-07 9.791595271560439226e-07 -3.218806384333248712e-05 7.519959350060671412e-06 -3.830840251142567099e-04 -2.030436270012782294e-06 -2.172289252344592736e-05 -7.099787873042211606e-06 -1.785193733992916396e-05 3.770625274141311292e-05 1.477492508546391151e-04
