# cosmomc_theta logA ns ombh2 omch2 Alens tau a_tSZ a_kSZ a_p beta_p a_c beta_c a_s
1.946291718802892467e-12 -1.000312564037186151e-09 2.092182210469003371e-09 2.714653790591273827e-12 -8.121664913608888931e-10 1.161759743904269256e-08 5.519436728125395764e-10 4.556582139591560564e-09 1.414876431025311129e-08 2.113628635617680175e-08 -2.290204186908289689e-09 -3.418729634397247848e-08 5.912471653572715554e-09 -2.340568563291376173e-09
-1.000312564037186151e-09 2.021923110739915353e-04 -7.801792351206547807e-07 -1.638267774717667660e-07 3.507941880654490283e-06 -2.503583003059485154e-04 9.791797481779998579e-05 -1.360301185429787477e-04 1.399580329435201490e-04 2.187939104384842640e-04 -2.810442133543024679e-05 -4.459937510921530425e-04 9.561922073970412412e-05 5.010470255981887287e-06
2.092182210469003371e-09 -7.801792351206547807e-07 9.269770983009758715e-06 -6.497427252536231630e-08 -2.226983264951138678e-06 2.939007198146521331e-05 4.172439463065920090e-06 -5.374531795934529113e-06 1.835335666720407728e-05 3.853264591455625974e-05 -3.722875941705039562e-06 -6.379060813999269338e-05 1.007918521629836285e-05 -7.706949894317670179e-07
2.714653790591273827e-12 -1.638267774717667660e-07 -6.497427252536231630e-08 4.399088693676111112e-09 -1.530505469219405832e-08 2.059259080135705772e-07 -8.617347530530766834e-08 -7.248526306537192964e-08 -2.920633677375951661e-08 5.433481965701397551e-07 -9.306977631696092694e-08 -7.716883281048502578e-07 2.087494137776847465e-07 1.947298994391541261e-08
-8.121664913608888931e-10 3.507941880654490283e-06 -2.226983264951138678e-06 -1.530505469219405832e-08 1.119039454320110028e-06 -1.790141045734636825e-05 2.734150277703388607e-07 4.747987049509384792e-07 -1.088725791623373212e-05 -1.168926613992188454e-05 1.176463673667277862e-06 1.881751541832966232e-05 -2.901121470737846813e-06 -1.147136996431153213e-07
1.161759743904269256e-08 -2.503583003059485154e-04 2.939007198146521331e-05 2.059259080135705772e-07 -1.790141045734636825e-05 6.588889552181749010e-04 -1.027807682548595789e-04 4.825289613843282649e-05 -1.986205528057846746e-04 6.124834973811468320e-05 -1.477411053269072510e-05 2.960303001134533858e-06 4.782160590984073678e-06 1.720761693944706901e-05
5.519436728125395764e-10 9.791797481779998579e-05 4.172439463065920090e-06 -8.617347530530766834e-08 2.734150277703388607e-07 -1.027807682548595789e-04 5.009988541566337046e-05 -6.940084335500262022e-05 8.352913249487714997e-05 1.317728543236963657e-04 -1.669104976164289243e-05 -2.583554168198920128e-04 5.409610332253349724e-05 2.268728495178425486e-06
4.556582139591560564e-09 -1.360301185429787477e-04 -5.374531795934529113e-06 -7.248526306537192964e-08 4.747987049509384792e-07 4.825289613843282649e-05 -6.940084335500262022e-05 1.950405709397222929e-03 -2.396773033293063664e-03 -2.402695353244433697e-04 3.288270948749492608e-05 1.896462050611418069e-03 -4.406271837562355641e-04 -3.079531908672839707e-04
1.414876431025311129e-08 1.399580329435201490e-04 1.835335666720407728e-05 -2.920633677375951661e-08 -1.088725791623373212e-05 -1.986205528057846746e-04 8.352913249487714997e-05 -2.396773033293063664e-03 8.250946330854600982e-03 -5.025385764824656784e-04 1.210165236543358168e-04 -3.247853979068738173e-03 6.748714966181743827e-04 -7.027361516637410839e-05
2.113628635617680175e-08 2.187939104384842640e-04 3.853264591455625974e-05 5.433481965701397551e-07 -1.168926613992188454e-05 6.124834973811468320e-05 1.317728543236963657e-04 -2.402695353244433697e-04 -5.025385764824656784e-04 4.005585313306582809e-03 -5.713606653725780303e-04 -5.287666950227884986e-03 1.138786965461772082e-03 -7.370362089005277309e-05
-2.290204186908289689e-09 -2.810442133543024679e-05 -3.722875941705039562e-06 -9.306977631696092694e-08 1.176463673667277862e-06 -1.477411053269072510e-05 -1.669104976164289243e-05 3.288270948749492608e-05 1.210165236543358168e-04 -5.713606653725780303e-04 1.150583956495922395e-04 7.266899349919954832e-04 -2.179603679430317897e-04 1.276686396535709061e-05
-3.418729634397247848e-08 -4.459937510921530425e-04 -6.379060813999269338e-05 -7.716883281048502578e-07 1.881751541832966232e-05 2.960303001134533858e-06 -2.583554168198920128e-04 1.896462050611418069e-03 -3.247853979068738173e-03 -5.287666950227884986e-03 7.266899349919954832e-04 9.746186321497046431e-03 -2.106698847999983332e-03 1.744971567890367097e-05
5.912471653572715554e-09 9.561922073970412412e-05 1.007918521629836285e-05 2.087494137776847465e-07 -2.901121470737846813e-06 4.782160590984073678e-06 5.409610332253349724e-05 -4.406271837562355641e-04 6.748714966181743827e-04 1.138786965461772082e-03 -2.179603679430317897e-04 -2.106698847999983332e-03 5.792269522521159867e-04 -4.380638008478668328e-06
-2.340568563291376173e-09 5.010470255981887287e-06 -7.706949894317670179e-07 1.947298994391541261e-08 -1.147136996431153213e-07 1.720761693944706901e-05 2.268728495178425486e-06 -3.079531908672839707e-04 -7.027361516637410839e-05 -7.370362089005277309e-05 1.276686396535709061e-05 1.744971567890367097e-05 -4.380638008478668328e-06 1.317317248651130859e-04
