# cosmomc_theta logA ns ombh2 omch2 Alens tau a_tSZ a_kSZ a_p beta_p a_c beta_c a_s
1.819095321554253467e-12 4.660278981617748728e-10 1.733857134635409603e-09 -8.147327019032104814e-12 -4.962512235839782490e-10 5.424080675276860615e-09 9.068112982250026461e-10 5.713358383318075410e-09 1.538274453149643950e-08 -8.081941234361324472e-09 2.505488198373874631e-09 1.564414311116593683e-09 -2.717800026303686556e-09 -1.927312960551792736e-09
4.660278981617748728e-10 1.173743217742762555e-04 -3.875215617604151309e-06 1.928501271508901255e-07 4.810821669976149039e-07 -1.769681349788779863e-04 5.705697959807072144e-05 2.212623528720648780e-05 1.081597180928533337e-04 6.179748089202747067e-05 -1.127503648560850312e-05 -1.022735978505852827e-04 2.718281305383375723e-05 -3.029184646856962354e-05
1.733857134635409603e-09 -3.875215617604151309e-06 8.887806518149318340e-06 -7.124817826431403811e-08 -1.974799391967367678e-06 3.059740884001097775e-05 2.341280849816202874e-06 1.173396652028744519e-05 2.421195147671226256e-06 -2.588876853396623366e-05 4.166713106634364319e-06 2.468511807253959440e-05 -6.100987899240182917e-06 -3.569225557147433624e-06
-8.147327019032104814e-12 1.928501271508901255e-07 -7.124817826431403811e-08 3.683963974268565326e-09 -3.589549930977786395e-09 -2.754601129798321381e-07 8.265785277923264882e-08 -4.750938364622735445e-08 -1.118406381949497108e-08 -1.064996464588356105e-07 6.672247257657976428e-09 1.180647740427830447e-07 -5.186195544740337920e-10 -1.775257170691903926e-08
-4.962512235839782490e-10 4.810821669976149039e-07 -1.974799391967367678e-06 -3.589549930977786395e-09 9.152694105146120546e-07 -1.220565172939636272e-05 -1.062241041192448300e-06 -7.044514290383362895e-06 -5.506913922484680778e-06 1.929074809122130078e-05 -3.083902032588169500e-06 -2.477507312543712490e-05 6.012662202554428747e-06 1.274510705319869511e-06
5.424080675276860615e-09 -1.769681349788779863e-04 3.059740884001097775e-05 -2.754601129798321381e-07 -1.220565172939636272e-05 5.702955319869843723e-04 -6.860212829563148832e-05 6.042615175654767032e-05 -3.648177552059265224e-04 -3.011432166598059000e-04 5.137610767978508913e-05 4.030411373732764699e-04 -1.039299182000726432e-04 3.278818709620970540e-05
9.068112982250026461e-10 5.705697959807072144e-05 2.341280849816202874e-06 8.265785277923264882e-08 -1.062241041192448300e-06 -6.860212829563148832e-05 3.025188291829593475e-05 1.971145213234541969e-05 5.993386261141601658e-05 9.522161282358224653e-06 -2.577712194603018302e-06 -2.661738441464951916e-05 8.222005721536653088e-06 -1.704876912615944565e-05
5.713358383318075410e-09 2.212623528720648780e-05 1.173396652028744519e-05 -4.750938364622735445e-08 -7.044514290383362895e-06 6.042615175654767032e-05 1.971145213234541969e-05 1.687409865605783189e-03 -2.323095621632463234e-03 -2.305458953316644622e-04 7.801477898150748836e-05 1.648866061215389011e-03 -4.726872723946987120e-04 -2.127779504037214471e-04
1.538274453149643950e-08 1.081597180928533337e-04 2.421195147671226256e-06 -1.118406381949497108e-08 -5.506913922484680778e-06 -3.648177552059265224e-04 5.993386261141601658e-05 -2.323095621632463234e-03 8.660040764470357602e-03 -2.566018097573324950e-04 1.297467496024656479e-05 -3.573608526838761672e-03 9.098486210529331411e-04 -1.249640549273716838e-04
-8.081941234361324472e-09 6.179748089202747067e-05 -2.588876853396623366e-05 -1.064996464588356105e-07 1.929074809122130078e-05 -3.011432166598059000e-04 9.522161282358224653e-06 -2.305458953316644622e-04 -2.566018097573324950e-04 4.092815723411738146e-03 -5.953149053112969562e-04 -5.834450961283613180e-03 1.290537569788623206e-03 -3.870021715706077159e-05
2.505488198373874631e-09 -1.127503648560850312e-05 4.166713106634364319e-06 6.672247257657976428e-09 -3.083902032588169500e-06 5.137610767978508913e-05 -2.577712194603018302e-06 7.801477898150748836e-05 1.297467496024656479e-05 -5.953149053112969562e-04 1.173251730677892586e-04 8.565846791984307569e-04 -2.451775832607261353e-04 -4.361077140648533139e-07
1.564414311116593683e-09 -1.022735978505852827e-04 2.468511807253959440e-05 1.180647740427830447e-07 -2.477507312543712490e-05 4.030411373732764699e-04 -2.661738441464951238e-05 1.648866061215389011e-03 -3.573608526838761672e-03 -5.834450961283613180e-03 8.565846791984307569e-04 1.091222972158557673e-02 -2.481642783650906368e-03 8.616028435033874127e-05
-2.717800026303686556e-09 2.718281305383375723e-05 -6.100987899240182917e-06 -5.186195544740337920e-10 6.012662202554428747e-06 -1.039299182000726432e-04 8.222005721536653088e-06 -4.726872723946987120e-04 9.098486210529331411e-04 1.290537569788623206e-03 -2.451775832607261353e-04 -2.481642783650906368e-03 6.754624648109934515e-04 -8.403173546768075749e-06
-1.927312960551792736e-09 -3.029184646856962354e-05 -3.569225557147433624e-06 -1.775257170691903926e-08 1.274510705319869511e-06 3.278818709620970540e-05 -1.704876912615944565e-05 -2.127779504037214471e-04 -1.249640549273716838e-04 -3.870021715706077159e-05 -4.361077140648533139e-07 8.616028435033874127e-05 -8.403173546768075749e-06 9.815600992731903093e-05
