# cosmomc_theta logA ns ombh2 omch2 Alens tau a_tSZ a_kSZ a_p beta_p a_c beta_c a_s
2.255264547389420437e-12 -1.716275913057582321e-09 2.358976192010338651e-09 1.556636835105943731e-11 -9.134443078964901145e-10 1.524209888859450800e-08 3.608869877919915540e-10 -2.000777427510108466e-10 4.411532104451670796e-09 -1.148174693280080890e-09 1.875817655879137004e-10 1.858820280464320471e-09 -5.990774160942287660e-10 -1.263499958523809403e-10
-1.716275913057582321e-09 2.494796481025325662e-04 -1.227607990222147394e-05 -9.857254453069241820e-08 4.730608414682318388e-06 -3.045638894169062721e-04 1.172851212460277977e-04 1.712415828471726683e-05 -9.052715392977575472e-05 -7.038541986888149536e-05 9.441197059800794208e-06 9.229096240658811077e-05 -1.355980022028385230e-05 -2.720599377103501510e-06
2.358976192010338651e-09 -1.227607990222147394e-05 1.079486187306823004e-05 -2.804000323030762895e-08 -2.880667945818878720e-06 4.677705987006418401e-05 -6.963212244887151645e-07 -1.277895880863450353e-05 9.988172857283579475e-06 1.012223728632931052e-05 -2.130276287484356540e-06 -1.590847926464795435e-05 4.183741943790188210e-06 3.687885062573669691e-06
1.556636835105943731e-11 -9.857254453069241820e-08 -2.804000323030762895e-08 4.717138544149411561e-09 -3.054167394518027756e-08 5.259935942683921049e-07 -3.142685999290776251e-08 -6.524686004676673735e-08 -6.277844587032953725e-07 7.599685155567243241e-07 -1.423162348609566507e-07 -8.180256918216468004e-07 2.285538269029825973e-07 4.027590545299967447e-08
-9.134443078964901145e-10 4.730608414682318388e-06 -2.880667945818878720e-06 -3.054167394518027756e-08 1.448928427493977230e-06 -2.322576634065536455e-05 4.337451435663967306e-07 -1.526002627946100260e-07 -8.332975986318026581e-06 6.621903773084244095e-07 -1.951539277565925941e-07 -2.631752472276138576e-06 1.148795296145373088e-06 5.602997489021776842e-08
1.524209888859450800e-08 -3.045638894169062721e-04 4.677705987006418401e-05 5.259935942683921049e-07 -2.322576634065536455e-05 7.889222262508751920e-04 -1.200732544630144758e-04 -9.291685474626422143e-05 -1.123586555595977468e-04 2.618156117664829983e-04 -4.122137716930830839e-05 -3.342757297228022922e-04 7.056386900679482272e-05 3.277471481318026730e-05
3.608869877919915540e-10 1.172851212460277977e-04 -6.963212244887153762e-07 -3.142685999290776251e-08 4.337451435663967306e-07 -1.200732544630144758e-04 5.822263436916844792e-05 5.910068325303406930e-06 -3.471473704074823710e-05 -3.580386574987171093e-05 4.579261610434921569e-06 4.754735473925650113e-05 -7.015199507401900394e-06 -6.068204488263089237e-07
-2.000777427510108466e-10 1.712415828471726683e-05 -1.277895880863450353e-05 -6.524686004676673735e-08 -1.526002627946100260e-07 -9.291685474626422143e-05 5.910068325303408624e-06 2.250257931889133433e-03 -2.959396961143109534e-03 -3.044415052977153123e-04 8.274626658379144266e-05 2.290321606349828530e-03 -6.239534741223111891e-04 -3.472135845820449053e-04
4.411532104451670796e-09 -9.052715392977575472e-05 9.988172857283579475e-06 -6.277844587032953725e-07 -8.332975986318026581e-06 -1.123586555595977468e-04 -3.471473704074823710e-05 -2.959396961143109534e-03 1.044979209681601989e-02 -1.701323874068891729e-03 2.594081040307308957e-04 -2.424320684651507570e-03 6.341823375030087835e-04 -8.894183674151417149e-05
-1.148174693280080890e-09 -7.038541986888149536e-05 1.012223728632931052e-05 7.599685155567243241e-07 6.621903773084244095e-07 2.618156117664829983e-04 -3.580386574987171093e-05 -3.044415052977153123e-04 -1.701323874068891729e-03 5.979545408780288437e-03 -9.854090394910486935e-04 -7.982794689798749024e-03 1.967750140236337614e-03 1.025246942488440918e-04
1.875817655879137004e-10 9.441197059800794208e-06 -2.130276287484356540e-06 -1.423162348609566507e-07 -1.951539277565925941e-07 -4.122137716930830839e-05 4.579261610434922416e-06 8.274626658379144266e-05 2.594081040307308957e-04 -9.854090394910486935e-04 1.965261671471566385e-04 1.314158412657411663e-03 -3.871082757108548571e-04 -2.095493123216305014e-05
1.858820280464320471e-09 9.229096240658811077e-05 -1.590847926464795435e-05 -8.180256918216468004e-07 -2.631752472276138576e-06 -3.342757297228022922e-04 4.754735473925649435e-05 2.290321606349828530e-03 -2.424320684651507570e-03 -7.982794689798749024e-03 1.314158412657411663e-03 1.388406379947599439e-02 -3.424111677859806128e-03 -2.503847323632390977e-04
-5.990774160942287660e-10 -1.355980022028385230e-05 4.183741943790188210e-06 2.285538269029825973e-07 1.148795296145373088e-06 7.056386900679482272e-05 -7.015199507401898700e-06 -6.239534741223111891e-04 6.341823375030087835e-04 1.967750140236337614e-03 -3.871082757108548571e-04 -3.424111677859806128e-03 9.742381841313018861e-04 6.866178282780198362e-05
-1.263499958523809403e-10 -2.720599377103501510e-06 3.687885062573669691e-06 4.027590545299967447e-08 5.602997489021776842e-08 3.277471481318026730e-05 -6.068204488263093472e-07 -3.472135845820449053e-04 -8.894183674151417149e-05 1.025246942488440918e-04 -2.095493123216305014e-05 -2.503847323632390977e-04 6.866178282780198362e-05 1.368152318944203163e-04
