# cosmomc_theta logA ns ombh2 omch2 Alens
1.657123241288478079e-12 -1.735894207060232805e-09 1.739225720947950596e-09 9.734572971903958984e-12 -5.917538912835111425e-10 1.110122921601567900e-08
-1.735894207060232805e-09 1.197721706433206861e-05 -9.781059830763980112e-06 -1.272817907162049601e-08 3.234321224651328115e-06 -5.703237738549679338e-05
1.739225720947950596e-09 -9.781059830763980112e-06 9.478697788801347806e-06 -4.198936798976311499e-08 -2.379132240379171621e-06 3.858481235548449131e-05
9.734572971903958984e-12 -1.272817907162049601e-08 -4.198936798976311499e-08 3.619913813133417627e-09 -1.970533161401439495e-08 2.770773660415939939e-07
-5.917538912835111425e-10 3.234321224651328115e-06 -2.379132240379171621e-06 -1.970533161401439495e-08 1.161671082470687057e-06 -2.024257442869845908e-05
1.110122921601567900e-08 -5.703237738549679338e-05 3.858481235548449131e-05 2.770773660415939939e-07 -2.024257442869845908e-05 4.542206125540281425e-04
