# cosmomc_theta logA ns ombh2 omch2 Alens tau a_tSZ a_kSZ a_p beta_p a_c beta_c a_s
2.516448867025799971e-12 -8.399957067224384899e-10 1.972165562378554021e-09 1.885220321662313167e-11 -9.518041080211224495e-10 1.196470358308444905e-08 5.755321794961873145e-10 3.258536795976091415e-09 5.268364185173033077e-09 -4.455710576771240490e-09 6.228419715880903881e-11 1.206529708303192953e-08 -1.461616655235134002e-09 -9.553486157218703332e-10
-8.399957067224384899e-10 1.645388235516209849e-04 -3.443768387886166880e-06 -7.053357481775925502e-08 3.012027694506202988e-06 -2.107012668994587116e-04 7.866223024461571807e-05 5.418002990863563314e-05 -2.542111469704651586e-04 1.167442161923122542e-04 -1.777004112320316795e-05 -1.232989024484583667e-04 2.406609409563672836e-05 -1.716723131006337671e-06
1.972165562378554021e-09 -3.443768387886166880e-06 1.088797409296432268e-05 -9.243588942421088748e-09 -3.541998414972781020e-06 3.527514075842392248e-05 4.209714907605341076e-06 -3.919172687100409212e-05 9.805367808773989349e-05 1.990069070881052801e-06 4.559295313266356241e-07 -3.399382670632311999e-05 6.776545040107773245e-06 5.588372714641701630e-06
1.885220321662313167e-11 -7.053357481775925502e-08 -9.243588942421088748e-09 3.685547663778866965e-09 -2.462521352461207492e-08 3.712263211493187446e-07 -1.262548996664235982e-08 2.313327512025074402e-07 -4.330205701900736097e-07 1.708449914841116350e-07 -1.112220958177840480e-08 9.705089113258650561e-08 -6.960047266974894423e-08 -1.126195338869901238e-07
-9.518041080211224495e-10 3.012027694506202988e-06 -3.541998414972781020e-06 -2.462521352461207492e-08 1.871484437646466744e-06 -2.211651904953085745e-05 -9.165109218261949293e-07 1.216729497419633307e-05 -5.173443890289187107e-05 1.186777854948478926e-05 -2.075129402832699008e-06 -4.507949063053680990e-06 1.171991315455695156e-06 -3.775356332590873860e-07
1.196470358308444905e-08 -2.107012668994587116e-04 3.527514075842392248e-05 3.712263211493187446e-07 -2.211651904953085745e-05 6.389768638417436634e-04 -7.715231289945848221e-05 -2.249649051366491405e-04 5.691138677289131345e-04 -1.516195601173218541e-04 3.408908372078713723e-05 6.875435733542210209e-05 -3.927970948911588278e-05 1.628067035630761724e-05
5.755321794961873145e-10 7.866223024461571807e-05 4.209714907605341076e-06 -1.262548996664235982e-08 -9.165109218261949293e-07 -7.715231289945848221e-05 4.135228913553924121e-05 8.389539850189132531e-06 -5.821651484984044711e-05 4.957249720754352141e-05 -6.712616407230477474e-06 -6.902927845466295227e-05 1.224125962441295998e-05 2.060790606988441704e-07
3.258536795976091415e-09 5.418002990863563314e-05 -3.919172687100409212e-05 2.313327512025074402e-07 1.216729497419633307e-05 -2.249649051366491405e-04 8.389539850189132531e-06 2.737094575827889089e-03 -4.347051482330580204e-03 9.498708696289835272e-05 -3.262231579278262784e-06 2.080986054151660533e-03 -5.153936550166120798e-04 -4.181874660433832869e-04
5.268364185173033077e-09 -2.542111469704651586e-04 9.805367808773989349e-05 -4.330205701900736097e-07 -5.173443890289187107e-05 5.691138677289131345e-04 -5.821651484984044711e-05 -4.347051482330580204e-03 1.394523743537539121e-02 -1.368449446095069402e-03 1.988447632022566781e-04 -4.277649061698377865e-03 1.027430801125455437e-03 8.778742394533888167e-05
-4.455710576771240490e-09 1.167442161923122542e-04 1.990069070881052801e-06 1.708449914841116350e-07 1.186777854948478926e-05 -1.516195601173218541e-04 4.957249720754352141e-05 9.498708696289835272e-05 -1.368449446095069402e-03 6.020463949294673454e-03 -9.682007050179038728e-04 -8.037523007628935220e-03 1.778063031073869472e-03 -3.296046874547024411e-05
6.228419715880903881e-11 -1.777004112320316795e-05 4.559295313266356241e-07 -1.112220958177840480e-08 -2.075129402832699008e-06 3.408908372078713723e-05 -6.712616407230477474e-06 -3.262231579278262784e-06 1.988447632022566781e-04 -9.682007050179038728e-04 1.852378898688845682e-04 1.282929021299620848e-03 -3.413742202551463441e-04 3.560896381520285300e-06
1.206529708303192953e-08 -1.232989024484583667e-04 -3.399382670632311999e-05 9.705089113258650561e-08 -4.507949063053680990e-06 6.875435733542210209e-05 -6.902927845466296582e-05 2.080986054151660533e-03 -4.277649061698377865e-03 -8.037523007628935220e-03 1.282929021299620848e-03 1.436808182400728037e-02 -3.188262501669314897e-03 -9.197584696993084852e-05
-1.461616655235134002e-09 2.406609409563672836e-05 6.776545040107773245e-06 -6.960047266974894423e-08 1.171991315455695156e-06 -3.927970948911588278e-05 1.224125962441296337e-05 -5.153936550166120798e-04 1.027430801125455437e-03 1.778063031073869472e-03 -3.413742202551463441e-04 -3.188262501669314897e-03 8.306327172381277072e-04 3.252869819620261258e-05
-9.553486157218703332e-10 -1.716723131006337671e-06 5.588372714641701630e-06 -1.126195338869901238e-07 -3.775356332590873860e-07 1.628067035630761724e-05 2.060790606988457056e-07 -4.181874660433832869e-04 8.778742394533888167e-05 -3.296046874547024411e-05 3.560896381520285300e-06 -9.197584696993084852e-05 3.252869819620261258e-05 1.543127796677393150e-04
