# cosmomc_theta logA ns ombh2 omch2 Alens tau a_tSZ a_kSZ a_p beta_p a_c beta_c a_s
1.964935831348942315e-12 1.568892880773685348e-09 1.290754648788922536e-09 6.486560331937549222e-12 -5.047302907706177156e-10 9.404117745279792781e-09 1.300194830876003132e-09 -2.428366417195130360e-09 1.635966839502794548e-08 -4.882937543328234706e-09 1.053713658372856783e-09 -1.677890205715580782e-09 -7.097402942208436767e-10 -2.732733576439365646e-09
1.568892880773685348e-09 1.675394883958292820e-04 8.229799310532831793e-07 1.374686418750632193e-07 -2.272729517635055532e-07 -1.796205674436698429e-04 8.492899844270919061e-05 3.498486390548983838e-05 -6.733605144145558103e-05 1.462643141435952593e-04 -1.688212969769219718e-05 -2.447747008369475152e-04 4.201802819035038689e-05 -1.622176446297097282e-05
1.290754648788922536e-09 8.229799310532831793e-07 8.510014660713972618e-06 -1.982664567583662561e-08 -2.574120905063728613e-06 2.552082796297364668e-05 5.001778355499909165e-06 -2.630468945761056855e-05 6.975505897688050693e-05 1.755270181552697902e-05 -8.591888682492775903e-07 -7.074079681373638816e-05 1.242393507802986145e-05 4.142194042609298017e-06
6.486560331937549222e-12 1.374686418750632193e-07 -1.982664567583662561e-08 3.755119033448924369e-09 -1.995883346647732292e-08 8.268903403130941921e-08 8.403941093525320946e-08 9.156526414829147864e-08 -9.425598148485202357e-07 1.614027576099815106e-07 -1.243478575648557134e-08 4.631078417376975894e-07 -1.228775349866174395e-07 -5.552743715744057008e-08
-5.047302907706177156e-10 -2.272729517635055532e-07 -2.574120905063728613e-06 -1.995883346647732292e-08 1.390908943673484826e-06 -1.519083866712761406e-05 -1.903259309979212802e-06 1.460236085573057961e-05 -4.028579311510737358e-05 2.971692674363317169e-06 -1.247403317169154360e-06 1.650501014498129943e-05 -2.361421638290389885e-06 -1.605503412974360646e-06
9.404117745279792781e-09 -1.796205674436698429e-04 2.552082796297364668e-05 8.268903403130941921e-08 -1.519083866712761406e-05 5.174137297851285830e-04 -7.151394888652811267e-05 -1.602481618281425082e-04 1.984679515547803060e-04 -1.830710496819251416e-04 2.549942035165643104e-05 1.293826934746858674e-04 -2.405184381028303367e-05 3.788733155165039719e-05
1.300194830876003132e-09 8.492899844270919061e-05 5.001778355499909165e-06 8.403941093525320946e-08 -1.903259309979212802e-06 -7.151394888652811267e-05 4.605184469612706049e-05 3.001529561178615485e-06 1.250874331045924768e-05 7.995943284956067625e-05 -8.363647425000701597e-06 -1.597643954949269933e-04 2.718988120281492756e-05 -6.243795296275006321e-06
-2.428366417195130360e-09 3.498486390548983838e-05 -2.630468945761056855e-05 9.156526414829147864e-08 1.460236085573057961e-05 -1.602481618281425082e-04 3.001529561178615485e-06 2.023476265172539489e-03 -3.288206284238326567e-03 3.909797673061034869e-04 -3.331217789044140008e-05 1.105874552484978086e-03 -3.282154516358200247e-04 -3.249210612447556742e-04
1.635966839502794548e-08 -6.733605144145558103e-05 6.975505897688050693e-05 -9.425598148485202357e-07 -4.028579311510737358e-05 1.984679515547803331e-04 1.250874331045923751e-05 -3.288206284238326567e-03 1.231871787016600335e-02 -5.607430623436988285e-04 1.070176988453536924e-04 -4.809764735897350228e-03 1.039840940913158360e-03 -1.306759135218031164e-04
-4.882937543328234706e-09 1.462643141435952593e-04 1.755270181552697902e-05 1.614027576099815106e-07 2.971692674363317169e-06 -1.830710496819251416e-04 7.995943284956067625e-05 3.909797673061034869e-04 -5.607430623436988285e-04 5.288211287043706639e-03 -7.181236183868141762e-04 -7.223934019066869175e-03 1.314145127410895489e-03 -1.244864412255691430e-04
1.053713658372856783e-09 -1.688212969769219718e-05 -8.591888682492775903e-07 -1.243478575648557134e-08 -1.247403317169154360e-06 2.549942035165643104e-05 -8.363647425000703291e-06 -3.331217789044140008e-05 1.070176988453536924e-04 -7.181236183868141762e-04 1.287855284295036536e-04 9.635799168682075483e-04 -2.337814314709686170e-04 6.329853456515013702e-06
-1.677890205715580782e-09 -2.447747008369475152e-04 -7.074079681373638816e-05 4.631078417376975894e-07 1.650501014498129943e-05 1.293826934746858674e-04 -1.597643954949269933e-04 1.105874552484978086e-03 -4.809764735897350228e-03 -7.223934019066869175e-03 9.635799168682075483e-04 1.330225988357962470e-02 -2.536259098538138062e-03 1.183392840187689050e-04
-7.097402942208436767e-10 4.201802819035038689e-05 1.242393507802986145e-05 -1.228775349866174395e-07 -2.361421638290389885e-06 -2.405184381028303367e-05 2.718988120281492756e-05 -3.282154516358200247e-04 1.039840940913158360e-03 1.314145127410895489e-03 -2.337814314709686170e-04 -2.536259098538138062e-03 6.091655833115368216e-04 1.027105026065395454e-05
-2.732733576439365646e-09 -1.622176446297097282e-05 4.142194042609298017e-06 -5.552743715744057008e-08 -1.605503412974360646e-06 3.788733155165039719e-05 -6.243795296275006321e-06 -3.249210612447556742e-04 -1.306759135218031164e-04 -1.244864412255691430e-04 6.329853456515013702e-06 1.183392840187689050e-04 1.027105026065395454e-05 1.628151880993549587e-04
