# cosmomc_theta logA ns ombh2 omch2 Alens tau a_tSZ a_kSZ a_p beta_p a_c beta_c a_s
2.126403690559474529e-12 -2.138471236791894250e-09 2.377786613446435522e-09 8.483790302821210867e-12 -8.464636158443424033e-10 1.287373448484215490e-08 1.474073050173569633e-10 1.347056755502016967e-09 6.824518549186483043e-09 -1.180093922652661657e-08 2.195779346226625219e-09 1.965801558736501938e-08 -4.857318502057326263e-09 -2.534845568977641990e-10
-2.138471236791894250e-09 2.047146216180992175e-04 -1.079196297714285637e-05 2.470388510500882229e-08 3.067262420814467808e-06 -2.493954935402815801e-04 9.625415033579222640e-05 2.433643062374626510e-05 -8.979257859951416320e-05 -1.377838132780337666e-05 7.813366251967233795e-06 4.272850242342071968e-05 -2.140683017281140287e-05 -1.430830408944778967e-06
2.377786613446435522e-09 -1.079196297714285637e-05 1.154300923927586467e-05 -3.701142024625661280e-08 -2.940165273305824159e-06 4.105031137710753072e-05 6.235374792980896851e-07 4.332699507928403403e-08 -2.522446777124452374e-06 -1.113625766781424628e-05 1.675731012564960338e-06 2.138158284358227003e-05 -5.047243625245170190e-06 8.824158975302615529e-07
8.483790302821210867e-12 2.470388510500882229e-08 -3.701142024625661280e-08 4.403841410448617103e-09 -2.558120683066105643e-08 3.268939876184992176e-07 2.178707933060655512e-08 -3.228465351248606368e-07 -2.615359186766052733e-07 5.954986235318609210e-07 -1.042302410238756105e-07 -7.924553243415340292e-07 2.008789563298351665e-07 9.456222139985043028e-08
-8.464636158443424033e-10 3.067262420814467808e-06 -2.940165273305824159e-06 -2.558120683066105643e-08 1.400392761619347809e-06 -1.928868564800040414e-05 -4.476388873825729551e-07 -2.211932032773311111e-06 -7.320951068486939583e-06 4.096752622517651244e-06 -6.240164799659152237e-07 -7.248588483964255724e-06 1.614428940075174919e-06 5.581771667419033232e-07
1.287373448484215490e-08 -2.493954935402815801e-04 4.105031137710753072e-05 3.268939876184992176e-07 -1.928868564800040414e-05 6.653409383467808608e-04 -9.649034376514625160e-05 -6.825349686539161599e-05 -6.782498165335394767e-05 1.655766368977909780e-04 -3.503015845743216809e-05 -2.401124713841040401e-04 6.792800577131501648e-05 1.199447109305975326e-05
1.474073050173569633e-10 9.625415033579222640e-05 6.235374792980897910e-07 2.178707933060655843e-08 -4.476388873825729551e-07 -9.649034376514625160e-05 4.875264629445921061e-05 1.560227054096734547e-05 -4.061602928636671967e-05 -1.433489949614361914e-05 5.233965288174969547e-06 3.522179829953961877e-05 -1.424713187287545252e-05 -1.303916768378540474e-06
1.347056755502016967e-09 2.433643062374626510e-05 4.332699507928403403e-08 -3.228465351248606368e-07 -2.211932032773311111e-06 -6.825349686539161599e-05 1.560227054096734547e-05 2.153122243796574010e-03 -2.805310866137293926e-03 -5.610292692752962863e-04 1.269026102365829981e-04 2.451007739370842167e-03 -6.408940101793807013e-04 -3.287705436829229939e-04
6.824518549186483043e-09 -8.979257859951416320e-05 -2.522446777124452374e-06 -2.615359186766052733e-07 -7.320951068486939583e-06 -6.782498165335394767e-05 -4.061602928636673322e-05 -2.805310866137293926e-03 1.026694311066246416e-02 -8.830114807278228713e-06 4.741521570291034956e-06 -4.774609969239899249e-03 1.124647524128126420e-03 -1.220925949383283072e-04
-1.180093922652661657e-08 -1.377838132780337666e-05 -1.113625766781424628e-05 5.954986235318609210e-07 4.096752622517651244e-06 1.655766368977909780e-04 -1.433489949614361914e-05 -5.610292692752962863e-04 -8.830114807278186361e-06 6.040531834889559422e-03 -1.027412826554729725e-03 -9.035150023749541001e-03 2.162341604385924470e-03 2.686086606565240491e-05
2.195779346226625219e-09 7.813366251967233795e-06 1.675731012564960338e-06 -1.042302410238756105e-07 -6.240164799659152237e-07 -3.503015845743216809e-05 5.233965288174967853e-06 1.269026102365829981e-04 4.741521570291034956e-06 -1.027412826554729725e-03 2.092925487704325258e-04 1.524564718255591459e-03 -4.279779671453739988e-04 -1.245378153818935150e-05
1.965801558736501938e-08 4.272850242342071968e-05 2.138158284358227003e-05 -7.924553243415340292e-07 -7.248588483964255724e-06 -2.401124713841040401e-04 3.522179829953961877e-05 2.451007739370842167e-03 -4.774609969239899249e-03 -9.035150023749541001e-03 1.524564718255591459e-03 1.661735770569549783e-02 -3.943098529140645278e-03 -7.503714383684538167e-05
-4.857318502057326263e-09 -2.140683017281140287e-05 -5.047243625245170190e-06 2.008789563298351665e-07 1.614428940075174919e-06 6.792800577131501648e-05 -1.424713187287545252e-05 -6.408940101793807013e-04 1.124647524128126420e-03 2.162341604385924470e-03 -4.279779671453739988e-04 -3.943098529140645278e-03 1.062722242922019408e-03 3.422968981978571185e-05
-2.534845568977641990e-10 -1.430830408944778967e-06 8.824158975302615529e-07 9.456222139985043028e-08 5.581771667419033232e-07 1.199447109305975326e-05 -1.303916768378539839e-06 -3.287705436829229939e-04 -1.220925949383283072e-04 2.686086606565240491e-05 -1.245378153818935150e-05 -7.503714383684538167e-05 3.422968981978571185e-05 1.320144096876272341e-04
