# cosmomc_theta logA ns ombh2 omch2 Alens tau a_tSZ a_kSZ a_p beta_p a_c beta_c a_s
1.967992224448700732e-12 -1.313444593584077787e-09 2.284631920145833256e-09 1.420937288708694982e-11 -8.661185035777535776e-10 1.217779234553172988e-08 5.677563447859302742e-10 -4.554291766271003441e-10 1.058066076062476354e-08 -4.274940900556333145e-09 8.642117794972588820e-10 3.188250868140667116e-09 -8.546300663034836736e-10 -2.193304205846286100e-11
-1.313444593584077787e-09 2.103325594144648972e-04 -9.214374663906985433e-06 -2.364362870240394792e-08 3.376676683833340253e-06 -2.563332802020128784e-04 9.902705067951491854e-05 2.766550474154483172e-05 -1.283529761167051043e-04 -2.650096822289946425e-07 -1.775012353958414573e-06 2.472756754395781628e-05 -6.527248046178130988e-06 -1.700460904572289888e-06
2.284631920145833256e-09 -9.214374663906985433e-06 1.120020855221561524e-05 -2.135577627349743355e-08 -2.947473257884633188e-06 4.088131917779360108e-05 1.171114428284871928e-06 -1.417895221477928448e-05 1.129767340901081730e-05 2.190224703923115463e-05 -5.033164517043814764e-06 -3.884868599192372511e-05 1.129879198132333085e-05 3.899041109712601412e-06
1.420937288708694982e-11 -2.364362870240394792e-08 -2.135577627349743355e-08 4.129329312495405256e-09 -2.811869048919964251e-08 3.569928693351212274e-07 6.615548560741512998e-09 -1.214671949166072284e-07 -2.526744490924195969e-07 2.133502583635588999e-07 -3.296424199485202586e-08 -2.479787705042137916e-07 6.407625725629606632e-08 4.594213360803970416e-08
-8.661185035777535776e-10 3.376676683833340253e-06 -2.947473257884633188e-06 -2.811869048919964251e-08 1.387314483084634218e-06 -1.913706478218622745e-05 -2.726027817155294631e-07 1.933382383148796723e-06 -1.119948709484131470e-05 -7.134900610431309984e-07 3.831720344408424027e-07 3.261653634950610453e-06 -1.270720348079988370e-06 -2.693152469740455829e-07
1.217779234553172988e-08 -2.563332802020128784e-04 4.088131917779360108e-05 3.569928693351212274e-07 -1.913706478218622745e-05 6.720391051577426830e-04 -9.935769451802802638e-05 -1.086242355592615316e-04 -7.711027521941127868e-05 1.870695536841570023e-04 -2.871413524633843395e-05 -2.933760908001945976e-04 6.863999001079089423e-05 2.985400893143603081e-05
5.677563447859302742e-10 9.902705067951491854e-05 1.171114428284872352e-06 6.615548560741512998e-09 -2.726027817155294631e-07 -9.935769451802802638e-05 4.994851514890976665e-05 8.673881575627839297e-06 -5.142145271205103471e-05 5.846415390633856536e-06 -2.500050662552282808e-06 -3.541536585425584968e-07 7.880741539722605934e-07 1.448249476447857203e-07
-4.554291766271003441e-10 2.766550474154483172e-05 -1.417895221477928448e-05 -1.214671949166072284e-07 1.933382383148796723e-06 -1.086242355592615316e-04 8.673881575627839297e-06 2.095386732362528991e-03 -2.792102938529591148e-03 -4.212829580224559446e-04 1.053890969658374083e-04 2.279441445589696323e-03 -5.890501609236029274e-04 -3.121772302203503413e-04
1.058066076062476354e-08 -1.283529761167051043e-04 1.129767340901081730e-05 -2.526744490924195969e-07 -1.119948709484131470e-05 -7.711027521941127868e-05 -5.142145271205103471e-05 -2.792102938529591148e-03 1.070320675562736433e-02 1.708112291938385650e-04 -6.281624386124585622e-05 -5.173784819535156600e-03 1.243101081473102498e-03 -1.808637193885435197e-04
-4.274940900556333145e-09 -2.650096822289946425e-07 2.190224703923115463e-05 2.133502583635588999e-07 -7.134900610431309984e-07 1.870695536841570023e-04 5.846415390633856536e-06 -4.212829580224559446e-04 1.708112291938385650e-04 5.931922959615779263e-03 -9.935064705478276019e-04 -9.044701342695849605e-03 2.023305945344531804e-03 -1.351186681793518407e-05
8.642117794972588820e-10 -1.775012353958414573e-06 -5.033164517043814764e-06 -3.296424199485202586e-08 3.831720344408424027e-07 -2.871413524633843395e-05 -2.500050662552282385e-06 1.053890969658374083e-04 -6.281624386124585622e-05 -9.935064705478276019e-04 2.025772854407136090e-04 1.521122479685891454e-03 -4.086372464203633873e-04 -5.694515322534991261e-07
3.188250868140667116e-09 2.472756754395781628e-05 -3.884868599192372511e-05 -2.479787705042137916e-07 3.261653634950610453e-06 -2.933760908001945976e-04 -3.541536585425610909e-07 2.279441445589696323e-03 -5.173784819535156600e-03 -9.044701342695849605e-03 1.521122479685891454e-03 1.695964284519223611e-02 -3.821367515527824849e-03 -3.913928002426511218e-06
-8.546300663034836736e-10 -6.527248046178130988e-06 1.129879198132333085e-05 6.407625725629606632e-08 -1.270720348079988370e-06 6.863999001079089423e-05 7.880741539722618639e-07 -5.890501609236029274e-04 1.243101081473102498e-03 2.023305945344531804e-03 -4.086372464203633873e-04 -3.821367515527824849e-03 1.002060782736915144e-03 8.952175191590237043e-06
-2.193304205846286100e-11 -1.700460904572289888e-06 3.899041109712601412e-06 4.594213360803970416e-08 -2.693152469740455829e-07 2.985400893143603081e-05 1.448249476447856673e-07 -3.121772302203503413e-04 -1.808637193885435197e-04 -1.351186681793518407e-05 -5.694515322534991261e-07 -3.913928002426511218e-06 8.952175191590237043e-06 1.345338630225031463e-04
