# cosmomc_theta logA ns ombh2 omch2 Alens tau a_tSZ a_kSZ a_p beta_p a_c beta_c a_s
1.648806083587841702e-12 -1.673583342387384814e-09 1.194482925628454292e-09 2.298560537157809920e-11 -4.899361176455350759e-10 1.309622324003503404e-08 -2.016090841911653462e-10 -1.103486086997030590e-08 2.040125775918783631e-08 6.620237506241145045e-09 -1.458959070373851814e-09 -3.021420519766324223e-08 6.997310470127722403e-09 -1.201561571935131398e-10
-1.673583342387384814e-09 8.473576137622417393e-05 -4.015657903690562897e-06 -1.133262537602779631e-07 1.604826751163312635e-06 -1.023457207469483403e-04 3.995068259935610311e-05 2.243041930071387399e-05 -9.961373767134753220e-05 -2.697649582502528840e-04 4.905752971100787389e-05 4.738611518790108415e-04 -1.131780136630786636e-04 8.471664425161962595e-06
1.194482925628454292e-09 -4.015657903690562897e-06 6.255948723448577140e-06 -2.175881115661004495e-08 -1.464452272908172630e-06 1.967532085360917471e-05 1.199522779148034525e-06 -1.396057498890713429e-05 4.730897267458330786e-05 1.915522204857414047e-05 -3.990157983223934421e-06 -5.957901515539974871e-05 1.430037064780635700e-05 -3.000771547983351832e-06
2.298560537157809920e-11 -1.133262537602779631e-07 -2.175881115661004495e-08 5.132535093607445066e-09 -3.176864096859305014e-08 9.281728156635222267e-07 -3.675173309380643199e-08 -1.072006349051003155e-06 -5.360283251940060955e-07 1.939805939692443601e-06 -3.345252486442315933e-07 -3.116157755021127630e-06 6.509335142332412237e-07 2.243206787107214809e-07
-4.899361176455350759e-10 1.604826751163312635e-06 -1.464452272908172630e-06 -3.176864096859305014e-08 8.449724521158756715e-07 -1.448756288615070521e-05 -3.237576005827753019e-07 1.008189470984039576e-05 -1.684657285505310144e-05 -1.755453255186553664e-05 2.876565776854862985e-06 3.877370564963794787e-05 -7.980855509610998295e-06 -9.150950805120419269e-08
1.309622324003503404e-08 -1.023457207469483403e-04 1.967532085360917471e-05 9.281728156635222267e-07 -1.448756288615070521e-05 4.940679383102152770e-04 -3.273181465056930879e-05 -2.252143544871453961e-04 1.760730481846902395e-04 7.743501987093503363e-04 -1.392368280605101277e-04 -1.406764762705723032e-03 3.158796151198216447e-04 -1.091746196595965621e-05
-2.016090841911653462e-10 3.995068259935610311e-05 1.199522779148034525e-06 -3.675173309380643199e-08 -3.237576005827753019e-07 -3.273181465056930879e-05 2.084618832959764093e-05 -1.931441163276877150e-07 -2.028996893056907429e-05 -1.095787322931793289e-04 2.007997116870920167e-05 1.790408682550516709e-04 -4.406022831751807807e-05 2.892399864189163179e-06
-1.103486086997030590e-08 2.243041930071387399e-05 -1.396057498890713429e-05 -1.072006349051003155e-06 1.008189470984039576e-05 -2.252143544871453961e-04 -1.931441163276877150e-07 1.491582426998887831e-03 -1.763671668648635884e-03 -2.911319367350245378e-04 8.639986429443095720e-05 1.444472841600209908e-03 -3.884405349264618917e-04 -2.296041618748390328e-04
2.040125775918783631e-08 -9.961373767134753220e-05 4.730897267458330786e-05 -5.360283251940060955e-07 -1.684657285505310144e-05 1.760730481846902395e-04 -2.028996893056907429e-05 -1.763671668648635884e-03 8.528689400333539644e-03 4.096880614224066150e-04 -1.024374296127369548e-04 -4.494842480917639674e-03 1.062049429672230543e-03 -2.805648539822845383e-04
6.620237506241145045e-09 -2.697649582502528840e-04 1.915522204857414047e-05 1.939805939692443601e-06 -1.755453255186553664e-05 7.743501987093503363e-04 -1.095787322931793289e-04 -2.911319367350245378e-04 4.096880614224066150e-04 5.808772603437137305e-03 -9.894497065098841176e-04 -8.436995648808206030e-03 1.847289646359638561e-03 -1.289764878556118853e-04
-1.458959070373851814e-09 4.905752971100787389e-05 -3.990157983223934421e-06 -3.345252486442315933e-07 2.876565776854862985e-06 -1.392368280605101277e-04 2.007997116870920167e-05 8.639986429443095720e-05 -1.024374296127369548e-04 -9.894497065098841176e-04 1.955374105038409297e-04 1.437768792576563700e-03 -3.651580381312009176e-04 1.576464405040781347e-05
-3.021420519766324223e-08 4.738611518790108415e-04 -5.957901515539974871e-05 -3.116157755021127630e-06 3.877370564963794787e-05 -1.406764762705723032e-03 1.790408682550516709e-04 1.444472841600209908e-03 -4.494842480917639674e-03 -8.436995648808206030e-03 1.437768792576563700e-03 1.487901199232230867e-02 -3.262863961991611765e-03 2.533442332626513471e-04
6.997310470127722403e-09 -1.131780136630786636e-04 1.430037064780635700e-05 6.509335142332412237e-07 -7.980855509610998295e-06 3.158796151198216447e-04 -4.406022831751807807e-05 -3.884405349264618917e-04 1.062049429672230543e-03 1.847289646359638561e-03 -3.651580381312009176e-04 -3.262863961991611765e-03 8.190303487957351298e-04 -4.217266469379571376e-05
-1.201561571935131398e-10 8.471664425161962595e-06 -3.000771547983351832e-06 2.243206787107214809e-07 -9.150950805120419269e-08 -1.091746196595965621e-05 2.892399864189163179e-06 -2.296041618748390328e-04 -2.805648539822845383e-04 -1.289764878556118853e-04 1.576464405040781347e-05 2.533442332626513471e-04 -4.217266469379571376e-05 1.212643844730756329e-04
