# cosmomc_theta logA ns ombh2 omch2 Alens tau a_tSZ a_kSZ a_p beta_p a_c beta_c a_s
2.053923350769560003e-12 -2.633110995757324182e-09 2.397516564010420372e-09 2.569457301071673609e-11 -9.231422650552802086e-10 1.802554686762569094e-08 -7.960679618111849327e-11 -2.787261671086624513e-09 1.252301764061085207e-08 2.890641020419812206e-09 -9.077346611753258405e-10 -1.463957570929861468e-08 4.084629990501517480e-09 -1.424894200774294534e-09
-2.633110995757324182e-09 1.070556369482827567e-04 -5.631063528131510348e-06 -1.514478233709746630e-07 2.149984111450661996e-06 -1.642269079817143746e-04 4.925922261925683404e-05 2.261399711758136218e-05 4.957512795595040971e-06 9.273796532053093806e-05 -9.369494962331881033e-06 -1.242483430630686285e-04 1.536155134912852712e-05 -7.552288509807650385e-06
2.397516564010420372e-09 -5.631063528131510348e-06 9.371833650931522456e-06 -3.259197689609234505e-08 -2.206519062865378701e-06 3.276540745517612121e-05 1.730325133441185141e-06 -1.442553639640356005e-05 4.407800807372248397e-05 1.639763774690302039e-06 -2.261211135890586003e-06 -3.368615064358229373e-05 1.058390119271292104e-05 -8.630468709303337842e-07
2.569457301071673609e-11 -1.514478233709746630e-07 -3.259197689609234505e-08 5.328930356772041058e-09 -3.525014421537244127e-08 7.737899951453703661e-07 -6.030825476788605103e-08 -1.860071764044255247e-07 -6.664819276794635443e-07 2.265230697739427208e-07 -2.658013277258145723e-08 -1.067833739396639150e-07 -4.377202482765945170e-09 7.129272430440133374e-08
-9.231422650552802086e-10 2.149984111450661996e-06 -2.206519062865378701e-06 -3.525014421537244127e-08 1.157551527900408907e-06 -1.789300240360398105e-05 -4.057103436485187304e-07 5.219931735174692304e-06 -2.297577968428158413e-05 5.276979629855537316e-06 -5.327755784656572463e-07 4.551253876447398487e-06 -1.580666010403339206e-06 9.053552060615665657e-07
1.802554686762569094e-08 -1.642269079817143746e-04 3.276540745517612121e-05 7.737899951453703661e-07 -1.789300240360398105e-05 6.019743282503453282e-04 -5.852469560659956052e-05 -6.596413877330147848e-05 -1.406318702026136918e-04 -7.763584320090575311e-06 -1.387624507648815298e-06 -1.179046958691462662e-05 1.211030034530323504e-05 2.342668011236733570e-06
-7.960679618111849327e-11 4.925922261925683404e-05 1.730325133441185141e-06 -6.030825476788605103e-08 -4.057103436485187304e-07 -5.852469560659956052e-05 2.517049774568936243e-05 5.654186060976081643e-06 3.490178115608141932e-05 4.121030315288390638e-05 -4.481044167757004969e-06 -7.419909213992595051e-05 1.121377211253755734e-05 -5.434165834712914535e-06
-2.787261671086624513e-09 2.261399711758136218e-05 -1.442553639640356005e-05 -1.860071764044255247e-07 5.219931735174692304e-06 -6.596413877330147848e-05 5.654186060976081643e-06 1.824648194253898235e-03 -2.778880473919722541e-03 8.915540293741162263e-06 5.014145105816306255e-05 1.477584005510034371e-03 -4.430893658614908147e-04 -2.504537128105890735e-04
1.252301764061085207e-08 4.957512795595040971e-06 4.407800807372248397e-05 -6.664819276794635443e-07 -2.297577968428158413e-05 -1.406318702026136918e-04 3.490178115608141932e-05 -2.778880473919722541e-03 1.117235758890932490e-02 -5.710742212976188757e-04 -1.757386056126287411e-05 -4.162435934765392614e-03 1.134738081905333580e-03 -2.582229841331125765e-04
2.890641020419812206e-09 9.273796532053093806e-05 1.639763774690302039e-06 2.265230697739427208e-07 5.276979629855537316e-06 -7.763584320090575311e-06 4.121030315288390638e-05 8.915540293741162263e-06 -5.710742212976188757e-04 5.631859638661636941e-03 -9.390644247239360136e-04 -7.879557188480034238e-03 1.703402362259615662e-03 -8.219875964705645522e-05
-9.077346611753258405e-10 -9.369494962331881033e-06 -2.261211135890586003e-06 -2.658013277258145723e-08 -5.327755784656572463e-07 -1.387624507648815298e-06 -4.481044167757004969e-06 5.014145105816306255e-05 -1.757386056126287411e-05 -9.390644247239360136e-04 1.908725716096116654e-04 1.351832483930780942e-03 -3.590934137088388329e-04 8.658690002837008041e-06
-1.463957570929861468e-08 -1.242483430630686285e-04 -3.368615064358229373e-05 -1.067833739396639150e-07 4.551253876447398487e-06 -1.179046958691462662e-05 -7.419909213992595051e-05 1.477584005510034371e-03 -4.162435934765392614e-03 -7.879557188480034238e-03 1.351832483930780942e-03 1.403903927882904808e-02 -3.121257045355246579e-03 1.560900737311180311e-04
4.084629990501517480e-09 1.536155134912852712e-05 1.058390119271292104e-05 -4.377202482765945170e-09 -1.580666010403339206e-06 1.211030034530323504e-05 1.121377211253755734e-05 -4.430893658614908147e-04 1.134738081905333580e-03 1.703402362259615662e-03 -3.590934137088388329e-04 -3.121257045355246579e-03 8.343297657129212109e-04 -1.858724536220953362e-05
-1.424894200774294534e-09 -7.552288509807650385e-06 -8.630468709303337842e-07 7.129272430440133374e-08 9.053552060615665657e-07 2.342668011236733570e-06 -5.434165834712914535e-06 -2.504537128105890735e-04 -2.582229841331125765e-04 -8.219875964705645522e-05 8.658690002837008041e-06 1.560900737311180311e-04 -1.858724536220953362e-05 1.250271443879922249e-04
