# cosmomc_theta logA ns ombh2 omch2 Alens tau a_tSZ a_kSZ a_p beta_p a_c beta_c a_s
2.010642035428279676e-12 3.706522343302141214e-09 1.149066399602370902e-09 2.883353532742309966e-11 -7.510435656316286873e-10 8.970323493585934799e-09 2.548251648347860864e-09 9.176712895052261703e-09 5.088372478669444997e-09 3.393189832095199080e-09 -2.697585147520894822e-10 -3.880415305227704417e-09 -2.216467976122913009e-10 -2.713104886316071047e-09
3.706522343302141214e-09 1.834683549441834462e-04 1.391703049753702725e-06 1.458346004001101079e-07 -2.314307830699775309e-07 -1.877196138193520188e-04 9.112053502872627386e-05 -1.135611906434261681e-04 1.685115439103889909e-04 3.827156629736214199e-04 -5.264422131339435441e-05 -7.040881190178750488e-04 1.303548250070655720e-04 7.636426611609810919e-07
1.149066399602370902e-09 1.391703049753702725e-06 6.951928323972912869e-06 -1.522910003869467760e-08 -1.643978615854726216e-06 1.657585903232049654e-05 3.995183568998617954e-06 1.815845354601415871e-05 -4.173090137427771650e-05 2.505151385320083230e-05 -4.693255546052095831e-06 -2.972685927674933957e-05 7.936046622232104653e-06 -1.283265452067110310e-06
2.883353532742309966e-11 1.458346004001101079e-07 -1.522910003869467760e-08 3.839926702931221804e-09 -2.988505268798699611e-08 2.903097579644105136e-07 8.865905295147838633e-08 -1.933923297373222930e-07 2.002378265069354019e-07 1.774449282385704658e-06 -3.034331722785329972e-07 -2.584633509854415793e-06 6.077028549486993460e-07 4.673512684043643505e-08
-7.510435656316286873e-10 -2.314307830699775309e-07 -1.643978615854726216e-06 -2.988505268798699611e-08 1.044458610357630344e-06 -1.318362903693606220e-05 -1.302070621920585306e-06 -8.254113679064150520e-06 9.227671999223192482e-07 -5.229312936830844005e-06 9.755297367898888186e-07 3.590045449095035771e-06 -1.108388501640024821e-06 1.529517498350998466e-06
8.970323493585934799e-09 -1.877196138193520188e-04 1.657585903232049654e-05 2.903097579644105136e-07 -1.318362903693606220e-05 5.921305526789439081e-04 -7.845092707776508370e-05 8.020384434433813065e-05 -4.428597249271327909e-04 8.480217953261188644e-05 -1.997423798590828545e-05 1.032021805547951468e-04 -4.641922731203429314e-06 8.276392083096600980e-06
2.548251648347860864e-09 9.112053502872627386e-05 3.995183568998617954e-06 8.865905295147838633e-08 -1.302070621920585306e-06 -7.845092707776508370e-05 4.727276734824125413e-05 -4.631515811380451273e-05 7.815025190142517691e-05 1.974634159030813868e-04 -2.778084867711490713e-05 -3.589058077174098497e-04 6.785602101920388315e-05 -1.364408801783632179e-06
9.176712895052261703e-09 -1.135611906434261681e-04 1.815845354601415871e-05 -1.933923297373222930e-07 -8.254113679064150520e-06 8.020384434433813065e-05 -4.631515811380451273e-05 2.306988467226625712e-03 -2.833296530119775673e-03 -7.254872483952696594e-04 1.517897220378880494e-04 2.684495868846104288e-03 -6.727491930598537406e-04 -3.700336082427049811e-04
5.088372478669444997e-09 1.685115439103889909e-04 -4.173090137427771650e-05 2.002378265069354019e-07 9.227671999223192482e-07 -4.428597249271327909e-04 7.815025190142517691e-05 -2.833296530119775673e-03 8.911599317856119112e-03 -2.547253510314239841e-03 3.440001796413166466e-04 4.113172382326081257e-05 1.232577336623409106e-04 2.596714182259705599e-05
3.393189832095199080e-09 3.827156629736214199e-04 2.505151385320083230e-05 1.774449282385704658e-06 -5.229312936830844005e-06 8.480217953261188644e-05 1.974634159030813868e-04 -7.254872483952696594e-04 -2.547253510314239841e-03 8.698226787570501745e-03 -1.443634877606290437e-03 -1.211091540464658521e-02 2.715536618500617640e-03 2.716980056211710766e-04
-2.697585147520894822e-10 -5.264422131339435441e-05 -4.693255546052095831e-06 -3.034331722785329972e-07 9.755297367898888186e-07 -1.997423798590828545e-05 -2.778084867711490713e-05 1.517897220378880494e-04 3.440001796413166466e-04 -1.443634877606290437e-03 2.776721036696275908e-04 2.052240211644866009e-03 -5.313935495192541152e-04 -4.690438862100179690e-05
-3.880415305227704417e-09 -7.040881190178750488e-04 -2.972685927674933957e-05 -2.584633509854415793e-06 3.590045449095035771e-06 1.032021805547951468e-04 -3.589058077174098497e-04 2.684495868846104288e-03 4.113172382326081257e-05 -1.211091540464658521e-02 2.052240211644866009e-03 1.935383220445068692e-02 -4.424469493457700367e-03 -5.106115641658137911e-04
-2.216467976122913009e-10 1.303548250070655720e-04 7.936046622232104653e-06 6.077028549486993460e-07 -1.108388501640024821e-06 -4.641922731203429314e-06 6.785602101920388315e-05 -6.727491930598537406e-04 1.232577336623409106e-04 2.715536618500617640e-03 -5.313935495192541152e-04 -4.424469493457700367e-03 1.155784348567244707e-03 1.261863952726771123e-04
-2.713104886316071047e-09 7.636426611609810919e-07 -1.283265452067110310e-06 4.673512684043643505e-08 1.529517498350998466e-06 8.276392083096600980e-06 -1.364408801783632179e-06 -3.700336082427049811e-04 2.596714182259705599e-05 2.716980056211710766e-04 -4.690438862100179690e-05 -5.106115641658137911e-04 1.261863952726771123e-04 1.280403408515484297e-04
