# cosmomc_theta logA ns ombh2 omch2 Alens tau a_tSZ a_kSZ a_p beta_p a_c beta_c a_s
2.024666949513965910e-12 -3.671583979267501581e-09 2.255438361780331686e-09 1.197452719506593981e-11 -7.431042749734023860e-10 1.281781972536996006e-08 -7.528762746522031652e-10 -1.785788166312009251e-09 1.308743972624288019e-08 -3.525895872730023586e-09 1.186343128023186758e-09 2.772419949723981215e-09 -1.658860911894200712e-09 -3.252735364112437281e-10
-3.671583979267501581e-09 1.960650314512155882e-04 -1.246326105910586392e-05 -9.432059367522005033e-08 4.092320980746161548e-06 -2.405624673483148515e-04 9.063611752887543009e-05 -1.503202174027265050e-05 -1.383137328016892452e-04 8.105109610795000179e-06 -6.435499143630606298e-06 3.467438014073781055e-05 2.729931988587255459e-06 1.068526663879634597e-05
2.255438361780331686e-09 -1.246326105910586392e-05 1.106701087462998704e-05 -3.101566987682025875e-08 -2.792695721482685115e-06 4.030087872037720043e-05 -6.525440677013881480e-07 -9.206701315863194429e-06 3.143616570282475441e-05 9.460778601321712111e-07 7.693573343956542436e-08 -1.441609703554635178e-05 2.680323447614103141e-06 5.981599435026903463e-07
1.197452719506593981e-11 -9.432059367522005033e-08 -3.101566987682025875e-08 4.672403372245058794e-09 -2.730390202284684039e-08 4.711829048895386095e-07 -3.212812658076068444e-08 -2.010952927308760788e-07 -2.910507880592484214e-07 4.742230086617224407e-07 -7.383625265337220577e-08 -6.513542213316805045e-07 1.277285500688593588e-07 4.234044050569745834e-08
-7.431042749734023860e-10 4.092320980746161548e-06 -2.792695721482685115e-06 -2.730390202284684039e-08 1.297001073595217684e-06 -1.893930144759759947e-05 2.010853706797982785e-07 -1.449406791321395229e-06 -1.058885156366142951e-05 3.191454332542512107e-06 -5.844334708146618235e-07 -4.198100534686042599e-06 1.264232229992126963e-06 9.758473938189880166e-07
1.281781972536996006e-08 -2.405624673483148515e-04 4.030087872037720043e-05 4.711829048895386095e-07 -1.893930144759759947e-05 6.737455520558282510e-04 -9.156559508854053282e-05 -8.732358140177311749e-06 -1.073747077836633492e-04 2.209385054676152240e-04 -3.034395465816676552e-05 -3.255408277876166412e-04 5.634430459445894339e-05 -2.329606369099440210e-06
-7.528762746522030618e-10 9.063611752887543009e-05 -6.525440677013881480e-07 -3.212812658076068444e-08 2.010853706797982785e-07 -9.156559508854053282e-05 4.498018192432631790e-05 -8.717302309175837440e-06 -5.131208381669657715e-05 -1.470833272399776582e-07 -2.373551124259812715e-06 1.794389832802674011e-05 7.486077935639360265e-07 4.753153936584363219e-06
-1.785788166312009251e-09 -1.503202174027265050e-05 -9.206701315863194429e-06 -2.010952927308760788e-07 -1.449406791321395229e-06 -8.732358140177311749e-06 -8.717302309175837440e-06 2.075250288379097783e-03 -2.911651373526496969e-03 -3.775902566326730879e-04 1.115773538656155675e-04 2.235713286001857897e-03 -6.003495715747527188e-04 -2.788410991313844118e-04
1.308743972624288019e-08 -1.383137328016892452e-04 3.143616570282475441e-05 -2.910507880592484214e-07 -1.058885156366142951e-05 -1.073747077836633492e-04 -5.131208381669657715e-05 -2.911651373526496969e-03 1.045788475829629791e-02 -3.235948925884708197e-04 -3.430904037939712517e-05 -4.230626288766882286e-03 1.131856491217116340e-03 -1.543032592021054475e-04
-3.525895872730023586e-09 8.105109610795000179e-06 9.460778601321712111e-07 4.742230086617224407e-07 3.191454332542512107e-06 2.209385054676152240e-04 -1.470833272399776582e-07 -3.775902566326730879e-04 -3.235948925884708197e-04 5.997921664621576332e-03 -1.056075458528647195e-03 -8.840771582213387617e-03 2.089502858710872834e-03 5.258988081272882071e-06
1.186343128023186758e-09 -6.435499143630606298e-06 7.693573343956542436e-08 -7.383625265337220577e-08 -5.844334708146618235e-07 -3.034395465816676552e-05 -2.373551124259812715e-06 1.115773538656155675e-04 -3.430904037939712517e-05 -1.056075458528647195e-03 2.207794496193263029e-04 1.590600873795306684e-03 -4.401404923476375376e-04 -3.090841248004581848e-06
2.772419949723981215e-09 3.467438014073781055e-05 -1.441609703554635178e-05 -6.513542213316805045e-07 -4.198100534686042599e-06 -3.255408277876166412e-04 1.794389832802674011e-05 2.235713286001857897e-03 -4.230626288766882286e-03 -8.840771582213387617e-03 1.590600873795306684e-03 1.616655241769408488e-02 -3.857850162355943701e-03 -4.162676773652061523e-05
-1.658860911894200712e-09 2.729931988587255459e-06 2.680323447614103141e-06 1.277285500688593588e-07 1.264232229992126963e-06 5.634430459445894339e-05 7.486077935639360265e-07 -6.003495715747527188e-04 1.131856491217116340e-03 2.089502858710872834e-03 -4.401404923476375376e-04 -3.857850162355943701e-03 1.050907382673953302e-03 1.384508045356701819e-05
-3.252735364112437281e-10 1.068526663879634597e-05 5.981599435026903463e-07 4.234044050569745834e-08 9.758473938189880166e-07 -2.329606369099440210e-06 4.753153936584363219e-06 -2.788410991313844118e-04 -1.543032592021055017e-04 5.258988081272882071e-06 -3.090841248004581848e-06 -4.162676773652061523e-05 1.384508045356701819e-05 1.216189741523880554e-04
