# cosmomc_theta logA ns ombh2 omch2 Alens tau a_tSZ a_kSZ a_p beta_p a_c beta_c a_s
2.426717265269481489e-12 1.103149556350276028e-09 2.920779044817409087e-09 -5.391716543826679517e-11 -9.477228609353609811e-10 9.554187179454976814e-09 1.880319972465411864e-09 2.317753953851437100e-08 1.483032118370154350e-08 -9.134377173496359330e-09 4.069499054164227553e-09 -5.976598203706057484e-09 -1.652234454162653839e-09 -1.841060725122140117e-09
1.103149556350276028e-09 1.167163846797491298e-05 4.425746055367041106e-06 -1.553525786633452030e-07 -7.865351625507188793e-07 2.483101817348935518e-05 7.498291848276900078e-06 4.358130912440160825e-06 4.189823158380989276e-05 -3.539070458966192073e-07 2.629914762900456571e-06 -4.689248021914785118e-05 7.390552878814308225e-06 -4.740785232448256822e-06
2.920779044817409087e-09 4.425746055367041106e-06 9.960216259606037413e-06 -2.145931370554428479e-07 -2.044348983049418419e-06 2.704146955943467740e-05 6.696386510764888900e-06 5.104956771273468389e-05 3.603229394158461758e-05 4.907386637464683475e-06 2.103603462166824544e-06 -5.129344371109224686e-05 9.139594711355601055e-06 -9.824819835763903860e-06
-5.391716543826679517e-11 -1.553525786633452030e-07 -2.145931370554428479e-07 6.331978505959021359e-09 3.712202564427112464e-08 -7.149514364450613398e-07 -1.708073919322449028e-07 -1.288144010428686108e-06 -5.762188544356463885e-07 -2.749989034368776823e-07 3.805011682907805288e-09 1.259864117397176673e-06 -2.873752934480225081e-07 2.990273801589374444e-07
-9.477228609353609811e-10 -7.865351625507188793e-07 -2.044348983049418419e-06 3.712202564427112464e-08 6.892309582992278014e-07 -5.043607313546571763e-06 -1.390243610800440900e-06 -1.387827650179160815e-05 -1.050653286103826873e-05 4.823400246953303499e-07 -9.089229906362839062e-07 8.464436605587908122e-06 -1.306267627924494618e-06 1.717817814539769758e-06
9.554187179454976814e-09 2.483101817348935518e-05 2.704146955943467740e-05 -7.149514364450613398e-07 -5.043607313546571763e-06 2.748355533913380373e-04 2.527209234778324048e-05 1.419280500594888219e-04 -1.562367285191664608e-04 2.971577179024773480e-05 1.462215159796682206e-05 -1.877773662988104853e-04 1.603351364602219358e-05 -3.978720454330735782e-05
1.880319972465411864e-09 7.498291848276900078e-06 6.696386510764888900e-06 -1.708073919322448764e-07 -1.390243610800440900e-06 2.527209234778324048e-05 6.780951034648923800e-06 2.551127142846337459e-05 4.048798105679472190e-05 1.654495265149118325e-06 2.385334226630693231e-06 -4.705794088841341199e-05 7.953242744059643382e-06 -6.489975425422821713e-06
2.317753953851437100e-08 4.358130912440160825e-06 5.104956771273468389e-05 -1.288144010428686108e-06 -1.387827650179160815e-05 1.419280500594888219e-04 2.551127142846337459e-05 9.468559586585236854e-04 -3.964789371977832139e-04 -9.907476101956995981e-05 3.787844300171840355e-05 2.740390612609815949e-04 -6.911165952965037161e-05 -1.376930353585286977e-04
1.483032118370154350e-08 4.189823158380989276e-05 3.603229394158461758e-05 -5.762188544356463885e-07 -1.050653286103826873e-05 -1.562367285191665150e-04 4.048798105679472190e-05 -3.964789371977832139e-04 2.156793881642748555e-03 -2.093523876886351528e-04 3.341210700632301690e-05 -5.382715800678135494e-04 1.558559514400579421e-04 8.169762849707803097e-05
-9.134377173496359330e-09 -3.539070458966192073e-07 4.907386637464683475e-06 -2.749989034368776823e-07 4.823400246953303499e-07 2.971577179024773480e-05 1.654495265149120231e-06 -9.907476101956995981e-05 -2.093523876886351528e-04 8.191142181626350025e-04 -9.537919276515761902e-05 -1.030763810873159712e-03 1.566497352812170674e-04 -6.749913808572547327e-06
4.069499054164227553e-09 2.629914762900456571e-06 2.103603462166824544e-06 3.805011682907805288e-09 -9.089229906362839062e-07 1.462215159796682206e-05 2.385334226630693231e-06 3.787844300171840355e-05 3.341210700632301690e-05 -9.537919276515761902e-05 3.525726189203254703e-05 7.622261130915159051e-05 -5.201519181337266263e-05 -1.359011584483695325e-06
-5.976598203706057484e-09 -4.689248021914785118e-05 -5.129344371109224686e-05 1.259864117397176673e-06 8.464436605587908122e-06 -1.877773662988104853e-04 -4.705794088841341199e-05 2.740390612609815949e-04 -5.382715800678136578e-04 -1.030763810873159712e-03 7.622261130915159051e-05 2.442327862631534559e-03 -3.869410340383402013e-04 -3.381246763334104093e-05
-1.652234454162653839e-09 7.390552878814308225e-06 9.139594711355601055e-06 -2.873752934480225081e-07 -1.306267627924494618e-06 1.603351364602218681e-05 7.953242744059643382e-06 -6.911165952965037161e-05 1.558559514400579421e-04 1.566497352812170674e-04 -5.201519181337266263e-05 -3.869410340383402013e-04 1.475215350240843208e-04 6.268869033772126466e-06
-1.841060725122140117e-09 -4.740785232448256822e-06 -9.824819835763903860e-06 2.990273801589374444e-07 1.717817814539769758e-06 -3.978720454330735782e-05 -6.489975425422821713e-06 -1.376930353585286977e-04 8.169762849707803097e-05 -6.749913808572547327e-06 -1.359011584483695325e-06 -3.381246763334104093e-05 6.268869033772126466e-06 4.202035460187603452e-05
