# cosmomc_theta logA ns ombh2 omch2 Alens tau a_tSZ a_kSZ a_p beta_p a_c beta_c a_s
2.305312352987311631e-12 -2.176243665898377716e-09 2.461937970323718512e-09 1.269085999412318781e-11 -1.008620175014592739e-09 2.089214795943521522e-08 2.067113283052448135e-10 1.175488110554717140e-09 -6.993095233461468199e-09 -9.254364565565627600e-09 1.530785795224087807e-09 1.601566511238040237e-08 -3.440830717528988068e-09 3.010228878754946075e-10
-2.176243665898377716e-09 2.043488771278428266e-04 -1.398600484926136104e-05 -2.858743327317719048e-10 4.858574355755210967e-06 -2.501324589051010633e-04 9.398226736895348374e-05 4.879282461369694298e-05 -2.342670766896431055e-04 2.502992074609490785e-04 -3.999759246634883200e-05 -2.556200205699801493e-04 5.586139425566079178e-05 -1.248208827428967926e-05
2.461937970323718512e-09 -1.398600484926136104e-05 1.244140276241477220e-05 -3.059493235168370077e-08 -3.592133153671417786e-06 6.271495160253724385e-05 -5.334794987877315506e-07 -5.551574662322419827e-06 -1.088849182025577557e-05 -4.660134386111393638e-05 8.197831541722326462e-06 8.558404809878402872e-05 -1.926473433557699641e-05 3.706813671945362844e-06
1.269085999412318781e-11 -2.858743327317719048e-10 -3.059493235168370077e-08 4.487064926606295756e-09 -2.708751193141328790e-08 4.871485639985647524e-07 1.356720197290387414e-08 -4.731848821441360832e-07 -7.370112759941997597e-07 -4.353152698244511022e-07 8.690650092994430211e-08 7.588025745153408390e-07 -1.904306903778328701e-07 1.798187920154152488e-07
-1.008620175014592739e-09 4.858574355755210967e-06 -3.592133153671417786e-06 -2.708751193141328790e-08 1.673693097461691625e-06 -2.907841358194429451e-05 1.508461048833956809e-07 5.532699029358101134e-06 -1.439634069530386168e-06 2.498515888829103886e-05 -4.541060626265841847e-06 -3.946088559048874380e-05 9.270377793173512602e-06 -2.342873988701311651e-06
2.089214795943521522e-08 -2.501324589051010633e-04 6.271495160253724385e-05 4.871485639985647524e-07 -2.907841358194429451e-05 8.284463542365321865e-04 -8.371753330841478894e-05 -2.297208999847677165e-04 6.376237373862653061e-05 -4.563606947330842677e-04 7.077331565317327203e-05 6.076067637802780742e-04 -1.210840858533399891e-04 6.940191215667246879e-05
2.067113283052448135e-10 9.398226736895348374e-05 -5.334794987877315506e-07 1.356720197290387414e-08 1.508461048833956809e-07 -8.371753330841478894e-05 4.673837403817935465e-05 1.890892745868225433e-05 -1.202491204100172503e-04 8.895489103585861102e-05 -1.369142344703779285e-05 -6.551270425384871142e-05 1.386255805189046163e-05 -3.217491209899043191e-06
1.175488110554717140e-09 4.879282461369694298e-05 -5.551574662322419827e-06 -4.731848821441360832e-07 5.532699029358101134e-06 -2.297208999847677165e-04 1.890892745868225433e-05 2.023239699566587845e-03 -2.084446207153069653e-03 -1.662945835713316566e-04 6.844482155910802700e-05 1.552118839740371540e-03 -4.469552232614624511e-04 -3.834396117531060845e-04
-6.993095233461468199e-09 -2.342670766896431055e-04 -1.088849182025577557e-05 -7.370112759941997597e-07 -1.439634069530386168e-06 6.376237373862653061e-05 -1.202491204100172503e-04 -2.084446207153069653e-03 7.855441257382621625e-03 -1.539222483913012284e-04 -3.446639840195019019e-06 -3.481356414326551053e-03 8.631017250487501126e-04 -7.323539166479793767e-05
-9.254364565565627600e-09 2.502992074609490785e-04 -4.660134386111393638e-05 -4.353152698244511022e-07 2.498515888829103886e-05 -4.563606947330842677e-04 8.895489103585861102e-05 -1.662945835713316566e-04 -1.539222483913012284e-04 6.710226316929734751e-03 -1.161299372999541378e-03 -9.608338035730724924e-03 2.213611965031840774e-03 -6.871970964926416090e-05
1.530785795224087807e-09 -3.999759246634883200e-05 8.197831541722326462e-06 8.690650092994430211e-08 -4.541060626265841847e-06 7.077331565317327203e-05 -1.369142344703779285e-05 6.844482155910802700e-05 -3.446639840195019019e-06 -1.161299372999541378e-03 2.291242628348063388e-04 1.680715258336520305e-03 -4.385873027204780731e-04 4.863901612480140258e-06
1.601566511238040237e-08 -2.556200205699801493e-04 8.558404809878402872e-05 7.588025745153408390e-07 -3.946088559048874380e-05 6.076067637802780742e-04 -6.551270425384871142e-05 1.552118839740371540e-03 -3.481356414326551053e-03 -9.608338035730724924e-03 1.680715258336520305e-03 1.641969696463075473e-02 -3.827368500932533130e-03 2.601493966989008801e-05
-3.440830717528988068e-09 5.586139425566079178e-05 -1.926473433557699641e-05 -1.904306903778328701e-07 9.270377793173512602e-06 -1.210840858533399891e-04 1.386255805189046163e-05 -4.469552232614624511e-04 8.631017250487501126e-04 2.213611965031840774e-03 -4.385873027204780731e-04 -3.827368500932533130e-03 9.976387019633016322e-04 1.246421818476847819e-05
3.010228878754946075e-10 -1.248208827428967926e-05 3.706813671945362844e-06 1.798187920154152488e-07 -2.342873988701311651e-06 6.940191215667246879e-05 -3.217491209899043191e-06 -3.834396117531060845e-04 -7.323539166479793767e-05 -6.871970964926416090e-05 4.863901612480140258e-06 2.601493966989008801e-05 1.246421818476847819e-05 1.518130720066267539e-04
