# cosmomc_theta logA ns ombh2 omch2 Alens tau a_tSZ a_kSZ a_p beta_p a_c beta_c a_s
1.823132836701024863e-12 -3.095545754358246747e-09 1.067680792641616777e-09 6.247051801477256880e-12 -5.168937188612033772e-10 1.021586486725701853e-08 -9.326091005202214051e-10 -8.736192771456589304e-09 5.402125926265787364e-08 2.119874113673823789e-09 2.348267267687668645e-10 -3.405294430113341053e-08 5.907054485797500348e-09 -1.754728872393090722e-09
-3.095545754358246747e-09 1.406370227104525392e-04 -8.758678730714109995e-06 7.239740754258935151e-08 3.561045528885437274e-06 -2.248926939117821210e-04 6.432927378271462561e-05 1.106064658809570808e-04 -1.729620368932037987e-04 2.559659437044950621e-04 -4.639242494674275763e-05 -2.644619168936571509e-04 7.292790195157893701e-05 -1.787901967712594571e-05
1.067680792641616777e-09 -8.758678730714109995e-06 6.526510529994196955e-06 -5.369686752088791532e-08 -1.107427271159461904e-06 6.946323955462849785e-06 -1.454600725782118034e-06 -2.137172710411911733e-05 4.816534107448604783e-05 -4.212423141156174583e-05 1.254179793215481268e-05 2.920429565898012404e-05 -1.877644946776146600e-05 6.716013220842612115e-06
6.247051801477256880e-12 7.239740754258935151e-08 -5.369686752088791532e-08 4.736488877631815844e-09 -2.866704566301832402e-08 3.873021940004323029e-07 4.539553520911000054e-08 -8.564167551687077572e-07 1.171217350255062741e-06 1.203558120297554331e-06 -3.136969095447251618e-07 -2.689380273924306012e-06 8.749822180516438796e-07 1.126546085323466906e-08
-5.168937188612033772e-10 3.561045528885437274e-06 -1.107427271159461904e-06 -2.866704566301832402e-08 9.435418225321130149e-07 -1.426425169590947003e-05 7.354299636504461688e-07 1.151746757446231456e-05 -3.619026212083486827e-05 7.880339930943251197e-06 -1.370368873318632509e-06 6.796357517627530081e-06 -1.463720069835856896e-06 -9.329629570649952639e-07
1.021586486725701853e-08 -2.248926939117821210e-04 6.946323955462849785e-06 3.873021940004323029e-07 -1.426425169590947003e-05 6.392961672880233042e-04 -9.831258650442531108e-05 -2.967825865272640321e-04 4.890383599588952806e-04 -2.511515061939713096e-04 3.518032715137334589e-05 2.003216840898079554e-05 1.345827676139030415e-06 2.794191090912843619e-05
-9.326091005202214051e-10 6.432927378271462561e-05 -1.454600725782118034e-06 4.539553520911000054e-08 7.354299636504461688e-07 -9.831258650442531108e-05 3.110821695247086163e-05 3.850327917304194341e-05 -3.869935788398189309e-05 9.911334541085326498e-05 -1.610979918041119415e-05 -1.150481842183617432e-04 2.767292919076004944e-05 -6.004020216240498159e-06
-8.736192771456589304e-09 1.106064658809570808e-04 -2.137172710411911733e-05 -8.564167551687077572e-07 1.151746757446231456e-05 -2.967825865272640321e-04 3.850327917304194341e-05 2.319014493673802677e-03 -3.611111384130793328e-03 3.591269610206774285e-05 -6.062318735668359914e-05 2.203763678666540576e-03 -4.200169454879809292e-04 -2.998804878116962920e-04
5.402125926265787364e-08 -1.729620368932037987e-04 4.816534107448604783e-05 1.171217350255062741e-06 -3.619026212083486827e-05 4.890383599588952806e-04 -3.869935788398189309e-05 -3.611111384130793328e-03 1.198133700013586690e-02 -6.097013659241142745e-05 1.617302929119420276e-04 -6.016286524864964888e-03 1.118963742687147838e-03 -4.886608116709909987e-05
2.119874113673823789e-09 2.559659437044950621e-04 -4.212423141156174583e-05 1.203558120297554331e-06 7.880339930943251197e-06 -2.511515061939713096e-04 9.911334541085326498e-05 3.591269610206774285e-05 -6.097013659241142745e-05 6.609260261273106063e-03 -1.203724539930835051e-03 -9.973753661228995301e-03 2.465154968300449587e-03 -1.683406962802248331e-04
2.348267267687668645e-10 -4.639242494674275763e-05 1.254179793215481268e-05 -3.136969095447251618e-07 -1.370368873318632509e-06 3.518032715137334589e-05 -1.610979918041119415e-05 -6.062318735668359914e-05 1.617302929119420276e-04 -1.203724539930835051e-03 2.651829028179604562e-04 1.705862457616790862e-03 -5.124393086303947369e-04 4.234432203179046853e-05
-3.405294430113341053e-08 -2.644619168936571509e-04 2.920429565898012404e-05 -2.689380273924306012e-06 6.796357517627530081e-06 2.003216840898079554e-05 -1.150481842183617432e-04 2.203763678666540576e-03 -6.016286524864964888e-03 -9.973753661228995301e-03 1.705862457616790862e-03 1.922868470306974067e-02 -4.497984054043761663e-03 1.656890904413720078e-04
5.907054485797500348e-09 7.292790195157893701e-05 -1.877644946776146600e-05 8.749822180516438796e-07 -1.463720069835856896e-06 1.345827676139030415e-06 2.767292919076004944e-05 -4.200169454879809292e-04 1.118963742687147838e-03 2.465154968300449587e-03 -5.124393086303947369e-04 -4.497984054043761663e-03 1.239738552831385265e-03 -6.170603783560026198e-05
-1.754728872393090722e-09 -1.787901967712594571e-05 6.716013220842612115e-06 1.126546085323466906e-08 -9.329629570649952639e-07 2.794191090912843619e-05 -6.004020216240498159e-06 -2.998804878116962920e-04 -4.886608116709909309e-05 -1.683406962802248331e-04 4.234432203179046853e-05 1.656890904413720078e-04 -6.170603783560026198e-05 1.127562120885821322e-04
