# cosmomc_theta logA ns ombh2 omch2 Alens tau a_tSZ a_kSZ a_p beta_p a_c beta_c a_s
2.306826235165179349e-12 -2.321877123135322069e-09 2.718875712225098209e-09 8.020561598137306815e-12 -9.200544833661264515e-10 1.540497602865659394e-08 2.066449789357551130e-10 3.917552319180776841e-09 4.389218049600192659e-09 2.325237635952016267e-09 -5.523693470735673684e-10 2.581566866697643453e-10 1.551078707773198644e-10 -1.262255850968334293e-09
-2.321877123135322069e-09 2.103575351799443524e-04 -1.171415598539813969e-05 -2.209134887011844064e-08 3.455082640177039932e-06 -2.570285746544494253e-04 9.822669817553415501e-05 -1.196557249938081302e-05 -8.080493007804480756e-05 2.884296247623373161e-05 1.413815723545075535e-06 -5.947273953418976870e-05 -3.063716498301013820e-06 2.090373458932127565e-06
2.718875712225098209e-09 -1.171415598539813969e-05 1.113099549007432394e-05 -5.519559322617160688e-08 -2.748420855996032152e-06 4.467594390755533641e-05 -2.982624189016840508e-07 -1.942277679996582593e-06 1.129307915838568239e-05 -5.233115587699730348e-06 1.513902068303048385e-06 1.204871529372281963e-05 -3.913860730133686763e-06 8.358771837302312760e-07
8.020561598137306815e-12 -2.209134887011844064e-08 -5.519559322617160688e-08 4.350842553884554956e-09 -1.760538873992176227e-08 3.012781479560638324e-07 -1.330435632576547069e-08 -2.327710875228478800e-07 -4.579242383656736339e-07 7.241859716315035322e-07 -1.590630181091761532e-07 -9.842217662607447017e-07 2.962854153153050028e-07 6.835629995252986137e-08
-9.200544833661264515e-10 3.455082640177039932e-06 -2.748420855996032152e-06 -1.760538873992176227e-08 1.250594029168378908e-06 -2.017014155777673609e-05 -2.296529152939411067e-08 -3.972088027197842363e-07 -7.755325738969358137e-06 4.860272819495627405e-06 -8.669835430418519372e-07 -7.759711821473417733e-06 1.956857124520407048e-06 -4.924727925012201050e-08
1.540497602865659394e-08 -2.570285746544494253e-04 4.467594390755533641e-05 3.012781479560638324e-07 -2.017014155777673609e-05 7.376498934339692200e-04 -9.917892351304922799e-05 -5.369122448427915883e-05 -1.524416870072528032e-04 2.060316809945342211e-04 -4.356797466696123297e-05 -2.472577762557143515e-04 8.249662419316978492e-05 2.621773798839510856e-05
2.066449789357549321e-10 9.822669817553415501e-05 -2.982624189016844214e-07 -1.330435632576547069e-08 -2.296529152939409082e-08 -9.917892351304922799e-05 4.886082096583988860e-05 -5.191564985556395527e-06 -2.968507317097776873e-05 6.752859229102036535e-06 2.293990754710235537e-06 -1.704635142178701455e-05 -5.025069052498321698e-06 9.679118423199754320e-07
3.917552319180776841e-09 -1.196557249938081302e-05 -1.942277679996582593e-06 -2.327710875228478800e-07 -3.972088027197842363e-07 -5.369122448427915883e-05 -5.191564985556395527e-06 2.343799540673729455e-03 -3.029115705207166293e-03 -2.090824540095721806e-04 8.525840841086198977e-05 2.177955572502158176e-03 -6.147736603195286470e-04 -3.681481969051813956e-04
4.389218049600192659e-09 -8.080493007804480756e-05 1.129307915838568239e-05 -4.579242383656736339e-07 -7.755325738969358137e-06 -1.524416870072528032e-04 -2.968507317097776873e-05 -3.029115705207166293e-03 1.072312511215697817e-02 -1.437565935522807248e-03 1.957183798827927018e-04 -3.188691499303223775e-03 8.439068003733110916e-04 -9.828004499531118883e-05
2.325237635952016267e-09 2.884296247623373161e-05 -5.233115587699730348e-06 7.241859716315035322e-07 4.860272819495627405e-06 2.060316809945342211e-04 6.752859229102036535e-06 -2.090824540095721806e-04 -1.437565935522807248e-03 5.693464018539556686e-03 -9.787283726821651830e-04 -7.881236562631661544e-03 1.906917460396165363e-03 2.470928523035556315e-05
-5.523693470735673684e-10 1.413815723545075535e-06 1.513902068303048385e-06 -1.590630181091761532e-07 -8.669835430418519372e-07 -4.356797466696123297e-05 2.293990754710235537e-06 8.525840841086198977e-05 1.957183798827927018e-04 -9.787283726821651830e-04 2.037597121202491064e-04 1.377797842386521915e-03 -4.004856672018519389e-04 -1.315671036987476606e-05
2.581566866697643453e-10 -5.947273953418976870e-05 1.204871529372281963e-05 -9.842217662607447017e-07 -7.759711821473417733e-06 -2.472577762557143515e-04 -1.704635142178701455e-05 2.177955572502158176e-03 -3.188691499303223775e-03 -7.881236562631661544e-03 1.377797842386521915e-03 1.444722909864485337e-02 -3.521127368554679594e-03 -9.485850508562275940e-05
1.551078707773198644e-10 -3.063716498301013820e-06 -3.913860730133686763e-06 2.962854153153050028e-07 1.956857124520407048e-06 8.249662419316978492e-05 -5.025069052498323393e-06 -6.147736603195286470e-04 8.439068003733110916e-04 1.906917460396165363e-03 -4.004856672018519389e-04 -3.521127368554679594e-03 9.959382291894981407e-04 3.973196686813406135e-05
-1.262255850968334293e-09 2.090373458932127565e-06 8.358771837302312760e-07 6.835629995252986137e-08 -4.924727925012201050e-08 2.621773798839510856e-05 9.679118423199754320e-07 -3.681481969051813956e-04 -9.828004499531118883e-05 2.470928523035556315e-05 -1.315671036987476606e-05 -9.485850508562275940e-05 3.973196686813406135e-05 1.499639074403458206e-04
