# cosmomc_theta logA ns ombh2 omch2 Alens tau a_tSZ a_kSZ a_p beta_p a_c beta_c a_s
2.045641336247179346e-12 -6.407794198995238549e-09 2.818019289313778507e-09 2.115982558663034176e-11 -8.912061831909040228e-10 1.679475483050472404e-08 -1.778617167881066033e-09 -7.363723998525389585e-09 2.155238956430904433e-08 3.080777636770594262e-09 -4.186878184497560364e-10 -1.551618435959101343e-08 2.888295207596760327e-09 6.246410267589339584e-10
-6.407794198995238549e-09 1.932956249402118963e-04 -2.616535250408279567e-05 -1.927418985604591690e-07 8.112149435642389449e-06 -2.938549963418763213e-04 8.220167675806287354e-05 9.680991644659974772e-05 -4.175968203715110571e-05 -2.028899029151609346e-05 1.688388174000717741e-05 1.101556308200450765e-04 -5.534683026695445997e-05 -2.330210755858611689e-05
2.818019289313778507e-09 -2.616535250408279567e-05 1.285450083023013648e-05 3.251764087042593325e-09 -3.294463403783510436e-06 6.197079721591641451e-05 -6.841194800392927168e-06 -2.863551996006103304e-05 3.771658745764110864e-05 2.826902370339306564e-05 -5.014005585908203141e-06 -6.895090489931863945e-05 1.604698068585155184e-05 3.602835660347855487e-06
2.115982558663034176e-11 -1.927418985604591690e-07 3.251764087042593325e-09 4.215972335371282531e-09 -2.610839205594905119e-08 3.905656387480485068e-07 -7.302464490051660545e-08 -2.655600483689810174e-07 -7.933121822660766881e-07 5.405694265783573107e-08 -9.436831882716454919e-08 3.377582526374520618e-08 1.839083385445880709e-07 1.405978640876965329e-07
-8.912061831909040228e-10 8.112149435642389449e-06 -3.294463403783510436e-06 -2.610839205594905119e-08 1.267212223766109213e-06 -2.092052356691386300e-05 2.179894634589949443e-06 7.425869907408022251e-06 -1.606017781087986623e-05 2.603365434192048738e-06 4.430188167436187334e-08 5.291083930364324101e-06 -2.436864179532091370e-06 -1.326952250876873034e-06
1.679475483050472404e-08 -2.938549963418763213e-04 6.197079721591641451e-05 3.905656387480485068e-07 -2.092052356691386300e-05 7.510761569251359071e-04 -1.117625174665201729e-04 -2.069164404061329444e-04 -3.658590307224776302e-04 3.166293902835264919e-04 -6.860328267504272270e-05 -5.326380846084056682e-04 1.615190717450832594e-04 7.606242396165276295e-05
-1.778617167881066033e-09 8.220167675806287354e-05 -6.841194800392927168e-06 -7.302464490051660545e-08 2.179894634589949443e-06 -1.117625174665201729e-04 3.726722055542234217e-05 3.429875073375404827e-05 -6.468381515637865624e-08 -1.017624265112032770e-05 8.170981392345049501e-06 4.207126216961418799e-05 -2.426290389049794754e-05 -8.786818188697207007e-06
-7.363723998525389585e-09 9.680991644659974772e-05 -2.863551996006103304e-05 -2.655600483689810174e-07 7.425869907408022251e-06 -2.069164404061329444e-04 3.429875073375404827e-05 2.034462297162016250e-03 -2.858283048680037089e-03 1.448985290019896410e-04 -2.424598472166369985e-05 1.427028583508502041e-03 -3.698422002418947350e-04 -3.118167483158174307e-04
2.155238956430904433e-08 -4.175968203715110571e-05 3.771658745764110864e-05 -7.933121822660766881e-07 -1.606017781087986623e-05 -3.658590307224776302e-04 -6.468381515637701512e-08 -2.858283048680037089e-03 1.095286201469769516e-02 -2.125171072184979700e-03 4.132237471105248646e-04 -1.547327467408491719e-03 3.145752801205442626e-04 -4.255597494758764978e-05
3.080777636770594262e-09 -2.028899029151609346e-05 2.826902370339306564e-05 5.405694265783573107e-08 2.603365434192048738e-06 3.166293902835264919e-04 -1.017624265112032770e-05 1.448985290019896410e-04 -2.125171072184979700e-03 7.360161755369870433e-03 -1.226189639008251186e-03 -1.013988548042546629e-02 2.337396873449201686e-03 -4.829452972775781559e-05
-4.186878184497560364e-10 1.688388174000717741e-05 -5.014005585908203141e-06 -9.436831882716454919e-08 4.430188167436187334e-08 -6.860328267504272270e-05 8.170981392345049501e-06 -2.424598472166369985e-05 4.132237471105248646e-04 -1.226189639008251186e-03 2.461233304391455029e-04 1.653244200462669579e-03 -4.622057600472214865e-04 1.285553094102508943e-05
-1.551618435959101343e-08 1.101556308200450765e-04 -6.895090489931863945e-05 3.377582526374520618e-08 5.291083930364324101e-06 -5.326380846084056682e-04 4.207126216961420154e-05 1.427028583508502041e-03 -1.547327467408491719e-03 -1.013988548042546629e-02 1.653244200462669579e-03 1.694320175854298685e-02 -3.890662309334216688e-03 -2.024257694438606848e-05
2.888295207596760327e-09 -5.534683026695445997e-05 1.604698068585155184e-05 1.839083385445880709e-07 -2.436864179532091370e-06 1.615190717450832594e-04 -2.426290389049794754e-05 -3.698422002418947350e-04 3.145752801205442626e-04 2.337396873449201686e-03 -4.622057600472214865e-04 -3.890662309334216688e-03 1.065679777893596041e-03 -9.205932586518779588e-07
6.246410267589339584e-10 -2.330210755858611689e-05 3.602835660347855487e-06 1.405978640876965329e-07 -1.326952250876873034e-06 7.606242396165276295e-05 -8.786818188697207007e-06 -3.118167483158174307e-04 -4.255597494758764978e-05 -4.829452972775781559e-05 1.285553094102508943e-05 -2.024257694438606848e-05 -9.205932586518779588e-07 1.217705848647390585e-04
