# cosmomc_theta logA ns ombh2 omch2 Alens tau a_tSZ a_kSZ a_p beta_p a_c beta_c a_s
1.355339744548901993e-12 2.681839234905728081e-11 1.383474909840722996e-09 2.228725890454332411e-11 -5.633514445332449853e-10 9.894162084172770342e-09 7.654633553327859438e-10 -3.086641705250310694e-09 -1.608828843464167801e-09 1.084755170596829006e-08 1.035031585857281090e-10 -1.630650876720263344e-08 -3.901691256719881791e-10 2.701046087343345008e-10
2.681839234905728081e-11 1.024076269478993412e-04 2.144411039805433975e-06 -1.341533436493601483e-09 1.516725284460177114e-07 -1.380249537753042242e-04 5.167135920887810371e-05 -7.235089061632791639e-05 1.430485991690348658e-04 -3.785413828239520565e-05 1.690947220108588735e-05 4.251599827640549088e-05 -2.770397739604084050e-05 1.073152704535296227e-05
1.383474909840722996e-09 2.144411039805433975e-06 9.638858959891732613e-06 -6.815641558800530385e-09 -3.108645473368689589e-06 3.244050741286904043e-05 6.477650086189869456e-06 1.899546653707674936e-05 8.461945988549209007e-08 5.384222207313624781e-06 3.218362152017625802e-06 2.211565209278324050e-06 -8.675449005785332290e-06 -6.448026157963027172e-06
2.228725890454332411e-11 -1.341533436493601483e-09 -6.815641558800530385e-09 2.931306335066481533e-09 -1.944669463197618590e-08 3.565729316675521323e-07 1.391559641538438055e-08 -1.848479646091769011e-07 -6.047653881919073122e-07 1.784132611938471607e-07 -2.420098388186591062e-08 -1.383600021483816668e-08 -3.809358728252381703e-08 8.307226621019755521e-08
-5.633514445332449853e-10 1.516725284460177114e-07 -3.108645473368689589e-06 -1.944669463197618590e-08 1.538221606569890935e-06 -2.118496539409360060e-05 -2.053546041918342481e-06 -1.144722401884811964e-05 2.866003957242258221e-06 2.002784631808780471e-06 -1.686541506995144781e-06 -8.706668076115125997e-06 4.874087842928099293e-06 2.874164573384083776e-06
9.894162084172770342e-09 -1.380249537753042242e-04 3.244050741286904043e-05 3.565729316675521323e-07 -2.118496539409360060e-05 6.116285062938276286e-04 -4.298389009840807728e-05 1.112604790085204999e-04 -3.030032763679394781e-04 1.222013816073987613e-04 -1.324681411723491635e-05 -1.246526765294930967e-04 1.010001031973362680e-05 -2.515737242512091070e-05
7.654633553327859438e-10 5.167135920887810371e-05 6.477650086189869456e-06 1.391559641538438055e-08 -2.053546041918342481e-06 -4.298389009840807728e-05 2.956424171917038579e-05 -1.661145188530031126e-05 6.803522610702585180e-05 -2.314312132260580265e-05 1.096819247966767097e-05 3.673978819821445511e-05 -2.130187908147054539e-05 -9.969927749560722001e-08
-3.086641705250310694e-09 -7.235089061632791639e-05 1.899546653707674936e-05 -1.848479646091769011e-07 -1.144722401884811964e-05 1.112604790085204999e-04 -1.661145188530031126e-05 2.086986478738666641e-03 -1.645867997013201675e-03 -4.618010743400968146e-04 1.072896805620020803e-04 1.767647527062534253e-03 -4.814658476265762268e-04 -4.037012392850969074e-04
-1.608828843464167801e-09 1.430485991690348658e-04 8.461945988549209007e-08 -6.047653881919073122e-07 2.866003957242258221e-06 -3.030032763679394781e-04 6.803522610702585180e-05 -1.645867997013201675e-03 6.375075312803265074e-03 -8.839601628138049052e-04 4.145615549021071779e-05 -1.797525557593100285e-03 6.477862777893128414e-04 -5.617971673431284240e-05
1.084755170596829006e-08 -3.785413828239520565e-05 5.384222207313624781e-06 1.784132611938471607e-07 2.002784631808780471e-06 1.222013816073987613e-04 -2.314312132260580265e-05 -4.618010743400968146e-04 -8.839601628138049052e-04 4.185298821205173797e-03 -7.134408784827476731e-04 -5.616110467501445221e-03 1.324963621074270971e-03 6.589838046240139582e-05
1.035031585857281090e-10 1.690947220108588735e-05 3.218362152017625802e-06 -2.420098388186591062e-08 -1.686541506995144781e-06 -1.324681411723491635e-05 1.096819247966767097e-05 1.072896805620020803e-04 4.145615549021071779e-05 -7.134408784827476731e-04 1.661646469755962557e-04 9.846385415934288780e-04 -3.200845214279694263e-04 -7.070118015010740479e-06
-1.630650876720263344e-08 4.251599827640549088e-05 2.211565209278324050e-06 -1.383600021483816668e-08 -8.706668076115125997e-06 -1.246526765294930967e-04 3.673978819821445511e-05 1.767647527062534253e-03 -1.797525557593100285e-03 -5.616110467501445221e-03 9.846385415934288780e-04 9.890691130089739394e-03 -2.390956294966846592e-03 -1.669964311199268793e-04
-3.901691256719881791e-10 -2.770397739604084050e-05 -8.675449005785332290e-06 -3.809358728252381703e-08 4.874087842928099293e-06 1.010001031973362680e-05 -2.130187908147054539e-05 -4.814658476265762268e-04 6.477862777893128414e-04 1.324963621074270971e-03 -3.200845214279694263e-04 -2.390956294966846592e-03 7.626852892324639680e-04 3.192038860817273326e-05
2.701046087343345008e-10 1.073152704535296227e-05 -6.448026157963027172e-06 8.307226621019755521e-08 2.874164573384083776e-06 -2.515737242512091070e-05 -9.969927749560722001e-08 -4.037012392850969074e-04 -5.617971673431284240e-05 6.589838046240139582e-05 -7.070118015010740479e-06 -1.669964311199268793e-04 3.192038860817273326e-05 1.396797021310307546e-04
