# cosmomc_theta logA ns ombh2 omch2 Alens tau a_tSZ a_kSZ a_p beta_p a_c beta_c a_s
1.699275220768871682e-12 -1.425027934926204108e-10 1.887684441212597735e-09 6.257557300609962400e-13 -6.633621957760328602e-10 9.055046036552393731e-09 8.202426318923269047e-10 3.488729188749277393e-09 8.550832626892117687e-09 -1.223521048245036173e-08 2.939699637547060559e-09 1.672901389041226524e-08 -5.428152014221423794e-09 -2.071258691666837483e-09
-1.425027934926204108e-10 1.063658243411787213e-04 -6.987778970642478710e-06 3.903074938503845162e-10 2.478946916722156609e-06 -1.338044154513565935e-04 4.901485477657608068e-05 -7.409994174388760799e-05 1.165192181245697846e-04 1.539540615324259205e-04 -1.824929232432809527e-05 -3.233307871189154388e-04 6.188931048319583795e-05 1.012640481609628630e-05
1.887684441212597735e-09 -6.987778970642478710e-06 1.011669738751850783e-05 -4.273004580967940036e-08 -2.655116050727097092e-06 3.112393448331366065e-05 1.369242298058135969e-06 -1.159209563329687666e-05 2.888998829170961576e-05 -2.989409638759368574e-05 6.076850310284380892e-06 3.590292274647288230e-05 -1.020742185395450984e-05 6.834570566605564947e-07
6.257557300609962400e-13 3.903074938503845162e-10 -4.273004580967940036e-08 4.833067529089753598e-09 -2.393258642814754389e-08 4.546275152760020071e-07 1.391752856691849585e-08 -5.538577444360419005e-07 -3.708633652203312203e-07 1.149362046250309380e-06 -2.059519197413407725e-07 -1.740991245792856128e-06 3.985617095742042659e-07 1.722690602275204594e-07
-6.633621957760328602e-10 2.478946916722156609e-06 -2.655116050727097092e-06 -2.393258642814754389e-08 1.307135847296746836e-06 -1.834903748366859414e-05 -5.021320359596229826e-07 6.546955491189476788e-06 -1.591706077330297557e-05 5.563973261017530931e-06 -1.613727835017021941e-06 -2.904067294927164820e-06 2.005833247430370593e-06 -1.114749873672773351e-06
9.055046036552393731e-09 -1.338044154513565935e-04 3.112393448331366065e-05 4.546275152760020071e-07 -1.834903748366859414e-05 5.166830584360279210e-04 -4.353684351381999505e-05 -8.141610058431502771e-05 -6.828565371255194592e-05 -3.222099607394568260e-05 8.855100270907385377e-06 4.077733674646353131e-05 -1.717555445133822913e-05 1.504688268446532619e-05
8.202426318923269047e-10 4.901485477657608068e-05 1.369242298058135969e-06 1.391752856691849585e-08 -5.021320359596229826e-07 -4.353684351381999505e-05 2.530856914011629053e-05 -4.407712395272153893e-05 7.856978635911231960e-05 6.073247135914987992e-05 -5.803080038083301647e-06 -1.438748303875139571e-04 2.569249504019074237e-05 5.795559641686505452e-06
3.488729188749277393e-09 -7.409994174388760799e-05 -1.159209563329687666e-05 -5.538577444360419005e-07 6.546955491189476788e-06 -8.141610058431502771e-05 -4.407712395272153893e-05 1.863598623786675906e-03 -2.219487226079735250e-03 -2.352230568454754373e-04 6.350402374576145437e-05 1.565310337551295821e-03 -4.247848921930717455e-04 -2.825034954043105940e-04
8.550832626892117687e-09 1.165192181245697846e-04 2.888998829170961576e-05 -3.708633652203312203e-07 -1.591706077330297557e-05 -6.828565371255194592e-05 7.856978635911231960e-05 -2.219487226079735250e-03 7.932611275829374101e-03 -1.123133871375462355e-03 1.274797823103681282e-04 -1.676503961622125656e-03 5.121213447036610531e-04 -1.171926978079710052e-04
-1.223521048245036173e-08 1.539540615324259205e-04 -2.989409638759368574e-05 1.149362046250309380e-06 5.563973261017530931e-06 -3.222099607394568260e-05 6.073247135914987992e-05 -2.352230568454754373e-04 -1.123133871375462355e-03 5.496114477290441405e-03 -9.547512160448445515e-04 -8.038287914839821816e-03 1.882733540775242444e-03 5.066284630426438348e-05
2.939699637547060559e-09 -1.824929232432809527e-05 6.076850310284380892e-06 -2.059519197413407725e-07 -1.613727835017021941e-06 8.855100270907385377e-06 -5.803080038083303341e-06 6.350402374576145437e-05 1.274797823103681282e-04 -9.547512160448445515e-04 2.063854256177127962e-04 1.406392280787034698e-03 -4.056277017658827476e-04 -7.704303348152713207e-06
1.672901389041226524e-08 -3.233307871189154388e-04 3.590292274647288230e-05 -1.740991245792856128e-06 -2.904067294927164820e-06 4.077733674646353131e-05 -1.438748303875139571e-04 1.565310337551295821e-03 -1.676503961622125656e-03 -8.038287914839821816e-03 1.406392280787034698e-03 1.413791774017403649e-02 -3.322463608818294282e-03 -1.176256313424166864e-04
-5.428152014221423794e-09 6.188931048319583795e-05 -1.020742185395450984e-05 3.985617095742042659e-07 2.005833247430370593e-06 -1.717555445133822913e-05 2.569249504019074576e-05 -4.247848921930717455e-04 5.121213447036610531e-04 1.882733540775242444e-03 -4.056277017658827476e-04 -3.322463608818294282e-03 9.372184233390273237e-04 3.222300656160265381e-05
-2.071258691666837483e-09 1.012640481609628630e-05 6.834570566605564947e-07 1.722690602275204594e-07 -1.114749873672773351e-06 1.504688268446532619e-05 5.795559641686505452e-06 -2.825034954043105940e-04 -1.171926978079710052e-04 5.066284630426438348e-05 -7.704303348152713207e-06 -1.176256313424166864e-04 3.222300656160265381e-05 1.171235466964660207e-04
