# cosmomc_theta logA ns ombh2 omch2 Alens tau a_tSZ a_kSZ a_p beta_p a_c beta_c a_s
1.928330977269263262e-12 -2.653284804349983239e-09 2.096919057720579521e-09 5.614274889589820181e-12 -8.044822563878845900e-10 1.386480462012923936e-08 -2.471982331230005594e-10 4.953270739817407517e-10 1.119156800152386835e-08 -9.129862772166067850e-09 2.042388183306959082e-09 9.610080283743704448e-09 -2.861187217429315952e-09 -5.147858726328223609e-10
-2.653284804349983239e-09 2.190963344079954940e-04 -1.257412561692063184e-05 -2.462685058297118158e-08 4.655114384857504174e-06 -2.787835440306635128e-04 1.017842409049695568e-04 3.407538383625453691e-05 -1.874824377390673432e-04 7.341344559077845590e-06 2.362675356944021839e-06 1.473424287292632453e-05 -1.225705129971107439e-05 -3.223217704412835986e-06
2.096919057720579521e-09 -1.257412561692063184e-05 9.961612195812286733e-06 -3.574003602745352166e-08 -2.719688471606521524e-06 4.449845113450327571e-05 -1.200040620949823059e-06 -7.510076773607016652e-06 9.797325064377070757e-06 1.506671175465856744e-05 -9.203174322334463304e-07 -2.248338991086120528e-05 2.770457602433618325e-06 1.848811843215005402e-06
5.614274889589820181e-12 -2.462685058297118158e-08 -3.574003602745352166e-08 4.244777446603163284e-09 -2.020234897041483976e-08 3.441440017327266631e-07 -3.508955325998541838e-09 -2.037921793410186047e-07 -5.114401683190881172e-07 7.381769846412965072e-07 -1.233264321053180458e-07 -9.314305295502071747e-07 2.284081895648011592e-07 5.427736424093145488e-08
-8.044822563878845900e-10 4.655114384857504174e-06 -2.719688471606521524e-06 -2.020234897041483976e-08 1.314557970628264542e-06 -2.070745776354013400e-05 5.323424732678241799e-07 7.364600706948429981e-07 -1.385191211378269115e-05 6.768947321966097751e-07 -6.546822746707823583e-07 6.745946067288888845e-07 5.342235651411429431e-07 4.652891221696491560e-07
1.386480462012923936e-08 -2.787835440306635128e-04 4.449845113450327571e-05 3.441440017327266631e-07 -2.070745776354013400e-05 7.518401923325131273e-04 -1.091593371673281991e-04 -1.106405870220164160e-04 -4.361259054326615885e-05 1.916517016513772569e-04 -3.683516213307758217e-05 -3.222637335220819295e-04 9.262309866016014417e-05 2.636252437911555481e-05
-2.471982331230005594e-10 1.017842409049695568e-04 -1.200040620949823059e-06 -3.508955325998546801e-09 5.323424732678241799e-07 -1.091593371673281991e-04 5.010817597506933021e-05 1.437893276306184615e-05 -7.957890162146431334e-05 7.361919768876826809e-06 1.502328938896890728e-06 -1.112276172650293950e-08 -5.703569644450203422e-06 -1.393886625802877949e-06
4.953270739817407517e-10 3.407538383625453691e-05 -7.510076773607016652e-06 -2.037921793410186047e-07 7.364600706948429981e-07 -1.106405870220164160e-04 1.437893276306184615e-05 2.236588890935410807e-03 -3.060576889173878806e-03 -5.225892977618264330e-04 1.325720241046580386e-04 2.495125785864913889e-03 -6.606421779598386189e-04 -3.323738520993527309e-04
1.119156800152386835e-08 -1.874824377390673432e-04 9.797325064377070757e-06 -5.114401683190881172e-07 -1.385191211378269115e-05 -4.361259054326615885e-05 -7.957890162146431334e-05 -3.060576889173878806e-03 1.185830944937089730e-02 -3.469201253120260202e-04 -5.722172839672353870e-06 -4.688421395383862711e-03 1.184011822744756443e-03 -1.624975352304250842e-04
-9.129862772166067850e-09 7.341344559077845590e-06 1.506671175465856744e-05 7.381769846412965072e-07 6.768947321966097751e-07 1.916517016513772569e-04 7.361919768876826809e-06 -5.225892977618264330e-04 -3.469201253120260202e-04 6.202386322941651556e-03 -1.053722913989432958e-03 -8.985256711762305837e-03 2.086337738106660601e-03 5.519623724749029431e-05
2.042388183306959082e-09 2.362675356944021839e-06 -9.203174322334463304e-07 -1.233264321053180458e-07 -6.546822746707823583e-07 -3.683516213307758217e-05 1.502328938896890728e-06 1.325720241046580386e-04 -5.722172839672353870e-06 -1.053722913989432958e-03 2.145277352677895256e-04 1.554730361793249483e-03 -4.266163925568137115e-04 -1.115772968604813797e-05
9.610080283743704448e-09 1.473424287292632453e-05 -2.248338991086120528e-05 -9.314305295502071747e-07 6.745946067288888845e-07 -3.222637335220819295e-04 -1.112276172650168218e-08 2.495125785864913889e-03 -4.688421395383862711e-03 -8.985256711762305837e-03 1.554730361793249483e-03 1.621615458792228029e-02 -3.804082175325358261e-03 -1.128731001312604354e-04
-2.861187217429315952e-09 -1.225705129971107439e-05 2.770457602433618325e-06 2.284081895648011592e-07 5.342235651411429431e-07 9.262309866016014417e-05 -5.703569644450201728e-06 -6.606421779598386189e-04 1.184011822744756443e-03 2.086337738106660601e-03 -4.266163925568137115e-04 -3.804082175325358261e-03 1.025303893750912233e-03 3.204323922974545421e-05
-5.147858726328223609e-10 -3.223217704412835986e-06 1.848811843215005402e-06 5.427736424093145488e-08 4.652891221696491560e-07 2.636252437911555481e-05 -1.393886625802877738e-06 -3.323738520993527309e-04 -1.624975352304250842e-04 5.519623724749029431e-05 -1.115772968604813797e-05 -1.128731001312604354e-04 3.204323922974545421e-05 1.376655927493674160e-04
