# cosmomc_theta logA ns ombh2 omch2 Alens tau a_tSZ a_kSZ a_p beta_p a_c beta_c a_s
1.379594484308502479e-12 -6.528424617117311534e-10 9.370207782794534661e-10 1.439504126422566672e-11 -4.437613502239003612e-10 6.781135965398008427e-09 2.016372776284897223e-10 9.471901783664448996e-09 6.745933813989854507e-10 1.488566220571230742e-08 -2.100806574010730090e-09 -2.463015275354150207e-08 5.018469746655329794e-09 -2.232384988583953435e-09
-6.528424617117311534e-10 1.519180778375778186e-04 -5.130812244831619506e-06 -1.479576218678495053e-07 3.736084659423043876e-06 -2.286498486848568602e-04 7.074526210346547886e-05 9.280070085019276034e-06 -1.291808866253383975e-05 1.473238644522043028e-04 -2.852546527446517431e-05 -2.045529075448650398e-04 5.793060043035186412e-05 -1.277903663426789754e-06
9.370207782794534661e-10 -5.130812244831619506e-06 7.801128195988179598e-06 -2.273968024539983879e-08 -2.096898278865867668e-06 3.607491364702159175e-05 1.409688967801666634e-06 6.025222762634540032e-07 -1.979081700329105519e-05 -2.573340149579175981e-06 1.419288576239493029e-06 1.327084892271457676e-05 -4.866032228793503952e-06 -7.246559302764360165e-07
1.439504126422566672e-11 -1.479576218678495053e-07 -2.273968024539983879e-08 4.295390150720446228e-09 -1.783340642882398405e-08 4.912434323107508242e-07 -6.388332447745008000e-08 -2.194912266274483005e-07 -8.449130057026920827e-07 7.892800226866098151e-08 2.014588947751186426e-08 5.909352306206225933e-08 -6.000999425467927305e-08 8.526312174092951344e-08
-4.437613502239003612e-10 3.736084659423043876e-06 -2.096898278865867668e-06 -1.783340642882398405e-08 9.819973865803127799e-07 -1.894786019842228502e-05 5.103410709996966792e-07 -1.053338172754432467e-06 8.436335544226977294e-07 7.860012847153737156e-07 -7.629086056216185431e-07 -1.422594256828033008e-06 1.585550496155340025e-06 5.421223093387265678e-07
6.781135965398008427e-09 -2.286498486848568602e-04 3.607491364702159175e-05 4.912434323107508242e-07 -1.894786019842228502e-05 6.735428394711922770e-04 -8.762811145550234750e-05 5.142503793118679981e-05 -4.690622777604676373e-04 -3.686349334528745206e-04 7.902938829701958373e-05 6.590814507416081552e-04 -1.845792120260234296e-04 2.499601705160251673e-05
2.016372776284897223e-10 7.074526210346547886e-05 1.409688967801666634e-06 -6.388332447745006677e-08 5.103410709996966792e-07 -8.762811145550234750e-05 3.519403628728149752e-05 7.292752879474437275e-06 -1.267161266787211469e-05 6.744004807077167904e-05 -1.230620461874891311e-05 -8.873088153463002780e-05 2.391473985115301370e-05 -1.283023500807185289e-06
9.471901783664448996e-09 9.280070085019276034e-06 6.025222762634540032e-07 -2.194912266274483005e-07 -1.053338172754432467e-06 5.142503793118679981e-05 7.292752879474437275e-06 1.919749379958664032e-03 -2.960156128740490736e-03 -1.919625879519805075e-04 5.314738605413476380e-05 1.913033043230222968e-03 -4.971091490428107811e-04 -2.303938026118247542e-04
6.745933813989854507e-10 -1.291808866253383975e-05 -1.979081700329105519e-05 -8.449130057026920827e-07 8.436335544226985764e-07 -4.690622777604676373e-04 -1.267161266787211469e-05 -2.960156128740490736e-03 1.146873789511730288e-02 1.135808716006527375e-03 -2.418884175785777804e-04 -6.887859319144449231e-03 1.676864828132703603e-03 -1.956340296233572925e-04
1.488566220571230742e-08 1.473238644522043028e-04 -2.573340149579175981e-06 7.892800226866098151e-08 7.860012847153737156e-07 -3.686349334528745206e-04 6.744004807077167904e-05 -1.919625879519805075e-04 1.135808716006527375e-03 3.820194582115158440e-03 -5.788235420368324216e-04 -6.051598536737149564e-03 1.268008444222033879e-03 -1.360820938145206212e-04
-2.100806574010730090e-09 -2.852546527446517431e-05 1.419288576239493029e-06 2.014588947751186426e-08 -7.629086056216185431e-07 7.902938829701958373e-05 -1.230620461874891311e-05 5.314738605413476380e-05 -2.418884175785777804e-04 -5.788235420368324216e-04 1.123773079935841125e-04 9.314040465343362144e-04 -2.374400096706024842e-04 2.402417002237985805e-05
-2.463015275354150207e-08 -2.045529075448650398e-04 1.327084892271457676e-05 5.909352306206225933e-08 -1.422594256828033008e-06 6.590814507416081552e-04 -8.873088153463002780e-05 1.913033043230222968e-03 -6.887859319144449231e-03 -6.051598536737149564e-03 9.314040465343362144e-04 1.272713056704802802e-02 -2.773703814097948101e-03 2.064987133054030258e-04
5.018469746655329794e-09 5.793060043035186412e-05 -4.866032228793503952e-06 -6.000999425467927305e-08 1.585550496155340025e-06 -1.845792120260234296e-04 2.391473985115301709e-05 -4.971091490428107811e-04 1.676864828132703603e-03 1.268008444222033879e-03 -2.374400096706024842e-04 -2.773703814097948101e-03 6.891984015400682553e-04 -4.060227757512226550e-05
-2.232384988583953435e-09 -1.277903663426789754e-06 -7.246559302764360165e-07 8.526312174092951344e-08 5.421223093387265678e-07 2.499601705160251673e-05 -1.283023500807185289e-06 -2.303938026118247542e-04 -1.956340296233572925e-04 -1.360820938145206212e-04 2.402417002237985805e-05 2.064987133054030258e-04 -4.060227757512226550e-05 1.082345916324799125e-04
