# cosmomc_theta logA ns ombh2 omch2 Alens tau a_tSZ a_kSZ a_p beta_p a_c beta_c a_s
2.121826153258391919e-12 -2.459189117712919921e-09 1.667555904864033672e-09 2.308498199487921522e-11 -8.448581367212726728e-10 1.493747842514281347e-08 -2.237226408473542580e-10 -3.204737386197554116e-09 1.567986669623607772e-08 -2.407975572588072057e-09 1.477972804827236091e-10 -9.738055209152939072e-09 2.655947012176076686e-09 2.156392327510424247e-10
-2.459189117712919921e-09 1.755087045377546891e-04 -7.317300423967803503e-06 5.966046883646596953e-08 2.813693581470563818e-06 -2.092673149258342583e-04 8.310411798646744790e-05 -1.817238382673102561e-04 1.371910033877707445e-04 2.212978789673053449e-04 -3.765008021942626264e-05 -4.635040381424750718e-04 1.113567172702443613e-04 4.324226305510290485e-05
1.667555904864033672e-09 -7.317300423967803503e-06 9.450065254698736866e-06 -3.276264526690536533e-08 -2.650992454156687177e-06 3.793735698372321436e-05 1.262473946261007189e-06 2.336203555279871597e-06 2.389125456296460407e-06 2.142668037334909874e-06 8.953601225520931213e-08 -5.544123007286443798e-06 2.134528371183490481e-07 -1.160419616697705824e-07
2.308498199487921522e-11 5.966046883646596953e-08 -3.276264526690536533e-08 4.072529984064866148e-09 -2.173141689397463780e-08 3.502306640041445918e-07 4.001048865735070083e-08 -4.459141008577891115e-08 -1.242153900410761006e-06 1.171664680462998936e-06 -2.185344922547951351e-07 -1.214527011731580895e-06 3.124448905320764125e-07 1.285383638911984123e-07
-8.448581367212726728e-10 2.813693581470563818e-06 -2.650992454156687177e-06 -2.173141689397463780e-08 1.299080256885700146e-06 -2.043402790500988429e-05 -3.566887688233275961e-07 -1.590431416985882700e-06 1.879748322096647288e-07 -3.600123343043655367e-06 5.162702007775581808e-07 4.106308750927175552e-06 -8.497470890783220901e-07 -3.321619807649736794e-07
1.493747842514281347e-08 -2.092673149258342583e-04 3.793735698372321436e-05 3.502306640041445918e-07 -2.043402790500988429e-05 6.870724347859976213e-04 -7.671334737969678073e-05 1.454298499242339174e-04 -4.919145699205393438e-04 -4.140002120749781777e-05 1.259360344429898845e-05 2.582424998992412495e-04 -7.491438781360007569e-05 -8.074833352044668316e-06
-2.237226408473542580e-10 8.310411798646744790e-05 1.262473946261007189e-06 4.001048865735071407e-08 -3.566887688233277549e-07 -7.671334737969678073e-05 4.223925111469375651e-05 -8.648730108100164272e-05 6.177525526214090322e-05 1.177387571326511743e-04 -1.989171983655258145e-05 -2.374467998671075692e-04 5.650783556006325035e-05 2.160563915118188816e-05
-3.204737386197554116e-09 -1.817238382673102561e-04 2.336203555279871597e-06 -4.459141008577891115e-08 -1.590431416985882700e-06 1.454298499242339174e-04 -8.648730108100164272e-05 2.041236102892091640e-03 -3.069395994716271961e-03 -3.920267014758733364e-04 9.705154017229073002e-05 2.465161669646115904e-03 -6.396616492208464892e-04 -3.036981120183321965e-04
1.567986669623607772e-08 1.371910033877707445e-04 2.389125456296460407e-06 -1.242153900410761006e-06 1.879748322096653112e-07 -4.919145699205393438e-04 6.177525526214090322e-05 -3.069395994716271961e-03 1.064406158662247262e-02 -3.000573346390907471e-04 -1.999941023254670657e-05 -4.772953042056469336e-03 1.247858048577789054e-03 -1.358715881468473331e-04
-2.407975572588072057e-09 2.212978789673053449e-04 2.142668037334909874e-06 1.171664680462998936e-06 -3.600123343043655367e-06 -4.140002120749781777e-05 1.177387571326511743e-04 -3.920267014758733364e-04 -3.000573346390907471e-04 5.415420362195405395e-03 -9.049629020368049918e-04 -7.994602291182097489e-03 1.802209615569616260e-03 2.739971591767826549e-05
1.477972804827236091e-10 -3.765008021942626264e-05 8.953601225520931213e-08 -2.185344922547951351e-07 5.162702007775581808e-07 1.259360344429898845e-05 -1.989171983655258483e-05 9.705154017229073002e-05 -1.999941023254670657e-05 -9.049629020368049918e-04 1.794437095307019835e-04 1.363376726029070108e-03 -3.582016160293842368e-04 -4.620822329131006224e-06
-9.738055209152939072e-09 -4.635040381424750718e-04 -5.544123007286443798e-06 -1.214527011731580895e-06 4.106308750927175552e-06 2.582424998992412495e-04 -2.374467998671075692e-04 2.465161669646115904e-03 -4.772953042056469336e-03 -7.994602291182097489e-03 1.363376726029070108e-03 1.526026062656133699e-02 -3.512127865935765671e-03 -1.090543731994660304e-04
2.655947012176076686e-09 1.113567172702443613e-04 2.134528371183490481e-07 3.124448905320764125e-07 -8.497470890783220901e-07 -7.491438781360007569e-05 5.650783556006325035e-05 -6.396616492208464892e-04 1.247858048577789054e-03 1.802209615569616260e-03 -3.582016160293842368e-04 -3.512127865935765671e-03 9.101807936870479586e-04 3.001507667766654884e-05
2.156392327510424247e-10 4.324226305510290485e-05 -1.160419616697705824e-07 1.285383638911984123e-07 -3.321619807649736794e-07 -8.074833352044668316e-06 2.160563915118188816e-05 -3.036981120183321965e-04 -1.358715881468473331e-04 2.739971591767826549e-05 -4.620822329131006224e-06 -1.090543731994660304e-04 3.001507667766654884e-05 1.410426286502050759e-04
