# cosmomc_theta logA ns ombh2 omch2 Alens tau a_tSZ a_kSZ a_p beta_p a_c beta_c a_s
2.294474168969164290e-12 -9.618316496514505800e-10 2.480876045874504731e-09 1.359439053623096449e-11 -9.408240957658639951e-10 1.405630750797885417e-08 8.358621685951731048e-10 2.641402044730973474e-09 8.397447020363617586e-09 -3.278192305148697770e-09 5.386138381377797724e-10 3.494953198849050969e-09 -1.006163129066802805e-09 -5.541477802074721279e-10
-9.618316496514505800e-10 2.353646349625341085e-04 -6.953789421890555912e-06 -2.143191574085540092e-08 2.728296480417113045e-06 -2.963331248967157150e-04 1.132322390718992430e-04 -1.973519550432492454e-05 1.300410669536425209e-05 1.173650711781478097e-05 6.039298035514863789e-07 -6.219934348990170192e-05 1.293514332595272018e-05 -7.105934451626921215e-07
2.480876045874504731e-09 -6.953789421890555912e-06 1.083377401209972849e-05 -2.447113395270295500e-08 -2.771274962819878831e-06 3.662024809869907435e-05 2.112144791904054386e-06 -2.889349055578275939e-06 2.125997979682479381e-05 2.454991879160808439e-05 -3.845260942667530822e-06 -4.457035861174932017e-05 8.878591511103387377e-06 -3.146124566880952597e-07
1.359439053623096449e-11 -2.143191574085540092e-08 -2.447113395270295500e-08 4.419055465880333379e-09 -2.896625720022246067e-08 4.942743456144994045e-07 7.958101835323227915e-09 -1.409753313152963809e-07 -5.025046195085971015e-07 6.510035638469256920e-07 -1.320350990665643150e-07 -8.371005248920895875e-07 2.490124919931792850e-07 4.733565067818646703e-08
-9.408240957658639951e-10 2.728296480417113045e-06 -2.771274962819878831e-06 -2.896625720022246067e-08 1.368003028090707746e-06 -1.956634868426532139e-05 -5.245998258353632945e-07 -1.382012609689509343e-06 -1.355058756315598218e-05 -2.168178340385515654e-06 5.127139185992580901e-07 4.316830604557079551e-06 -1.096903927310203781e-06 9.164271575174187230e-07
1.405630750797885417e-08 -2.963331248967157150e-04 3.662024809869907435e-05 4.942743456144994045e-07 -1.956634868426532139e-05 7.579200234562197486e-04 -1.205933209805623764e-04 -2.248108384263089750e-05 -9.840100494686572041e-05 1.572119575269650081e-04 -3.328115925727827219e-05 -1.991915420654884270e-04 5.377717168258994856e-05 6.946499272620739001e-06
8.358621685951731048e-10 1.132322390718992430e-04 2.112144791904055233e-06 7.958101835323227915e-09 -5.245998258353632945e-07 -1.205933209805623764e-04 5.779472819487754175e-05 -1.013330970104445522e-05 2.499237332082880351e-05 1.579106982552599180e-05 -1.398095029983138727e-06 -5.172585328599346163e-05 1.090513368878633225e-05 -1.226179105728110919e-06
2.641402044730973474e-09 -1.973519550432492454e-05 -2.889349055578275939e-06 -1.409753313152963809e-07 -1.382012609689509343e-06 -2.248108384263089750e-05 -1.013330970104445522e-05 2.000894785236509519e-03 -2.854646540875657376e-03 -4.491544710980772178e-04 1.053235538197204652e-04 2.493876553178590947e-03 -6.424087662930586494e-04 -2.620434096202945502e-04
8.397447020363617586e-09 1.300410669536425209e-05 2.125997979682479381e-05 -5.025046195085971015e-07 -1.355058756315598218e-05 -9.840100494686572041e-05 2.499237332082881706e-05 -2.854646540875657376e-03 1.026816397016989610e-02 -1.081675830292370272e-04 -1.769574214800468138e-05 -4.950974660618267902e-03 1.186818647053265426e-03 -1.505061898031470884e-04
-3.278192305148697770e-09 1.173650711781478097e-05 2.454991879160808439e-05 6.510035638469256920e-07 -2.168178340385515654e-06 1.572119575269650081e-04 1.579106982552598841e-05 -4.491544710980772178e-04 -1.081675830292370272e-04 5.369916919133901553e-03 -9.289523092351550937e-04 -8.283798283477708524e-03 1.939172754143940513e-03 2.191467736340834500e-05
5.386138381377797724e-10 6.039298035514863789e-07 -3.845260942667530822e-06 -1.320350990665643150e-07 5.127139185992580901e-07 -3.328115925727827219e-05 -1.398095029983138939e-06 1.053235538197204652e-04 -1.769574214800468138e-05 -9.289523092351550937e-04 1.916490188039892979e-04 1.442572327751701902e-03 -3.943925630432612399e-04 -6.177706537995275200e-06
3.494953198849050969e-09 -6.219934348990170192e-05 -4.457035861174932017e-05 -8.371005248920895875e-07 4.316830604557079551e-06 -1.991915420654884270e-04 -5.172585328599346163e-05 2.493876553178590947e-03 -4.950974660618267902e-03 -8.283798283477708524e-03 1.442572327751701902e-03 1.625938742129277859e-02 -3.804045680907124343e-03 -6.185528838689555067e-05
-1.006163129066802805e-09 1.293514332595272018e-05 8.878591511103387377e-06 2.490124919931792850e-07 -1.096903927310203781e-06 5.377717168258994856e-05 1.090513368878633225e-05 -6.424087662930586494e-04 1.186818647053265426e-03 1.939172754143940513e-03 -3.943925630432612399e-04 -3.804045680907124343e-03 1.005611887131086695e-03 2.426813831122715174e-05
-5.541477802074721279e-10 -7.105934451626921215e-07 -3.146124566880952597e-07 4.733565067818646703e-08 9.164271575174187230e-07 6.946499272620739001e-06 -1.226179105728110919e-06 -2.620434096202945502e-04 -1.505061898031470884e-04 2.191467736340834500e-05 -6.177706537995275200e-06 -6.185528838689555067e-05 2.426813831122715174e-05 1.147772020799041771e-04
