# cosmomc_theta logA ns ombh2 omch2 Alens tau a_tSZ a_kSZ a_p beta_p a_c beta_c a_s
1.684314999209320931e-12 3.705914215526076877e-09 1.383747161422076779e-09 2.224703555110036382e-11 -7.773150174447215296e-10 5.672369342651646447e-09 2.708564053848208457e-09 -2.800131292039505705e-09 1.740632671474239047e-08 1.330305229719040122e-10 -4.379569354337445106e-10 -3.526613331796196470e-09 1.536192463460285353e-09 1.561842351666698810e-10
3.705914215526076877e-09 1.377518610884603584e-04 9.865316254837575932e-06 3.724594194659110134e-08 -5.256938765741060154e-06 -9.362168744362302621e-05 7.524459729148717097e-05 2.059218089296336159e-06 1.268785273855399976e-04 -8.261518084746328745e-05 1.432797721213642631e-05 3.514556554358870853e-05 -5.212342196045437618e-06 -9.499052919398689332e-06
1.383747161422076779e-09 9.865316254837575932e-06 6.172595904506927575e-06 -1.207959579592405082e-08 -1.550844606509911361e-06 -4.482279963821750923e-07 8.021798857154688957e-06 -6.471783344887504347e-06 4.764021410119117388e-05 3.664365659236583313e-05 -4.407297325165132107e-06 -6.850046617407374726e-05 1.317213193946837235e-05 -3.417153197414858976e-06
2.224703555110036382e-11 3.724594194659110134e-08 -1.207959579592405082e-08 4.883459449408320850e-09 -4.256451850798506365e-08 5.095228341167966146e-07 4.620741548153195193e-08 -3.840713632400577053e-07 -9.901745112711316304e-08 4.034838715998801387e-07 -3.226137370846199994e-08 -6.035606628155238034e-07 9.224128090949120646e-08 1.110858297817713033e-07
-7.773150174447215296e-10 -5.256938765741060154e-06 -1.550844606509911361e-06 -4.256451850798506365e-08 1.242307099932900459e-06 -9.060096043276875613e-06 -3.960091484034584801e-06 9.818920114380803603e-07 -1.864073912797696383e-05 -1.240261917247075734e-05 1.364408000154991171e-06 2.104562473250081424e-05 -3.917483255297561092e-06 9.712703152168225598e-07
5.672369342651646447e-09 -9.362168744362302621e-05 -4.482279963821750923e-07 5.095228341167966146e-07 -9.060096043276875613e-06 4.200530204531787945e-04 -3.974528000134913279e-05 3.467762962575747618e-05 -3.313864921468768826e-04 3.442604074155570615e-04 -4.554728561713913441e-05 -3.335887386418138426e-04 5.250952827874389865e-05 -1.212580077246959110e-06
2.708564053848208457e-09 7.524459729148717097e-05 8.021798857154688957e-06 4.620741548153195193e-08 -3.960091484034584801e-06 -3.974528000134913279e-05 4.290593387744152042e-05 -2.043817921365473457e-06 9.553435931927370004e-05 -1.949800176321260788e-05 4.936966443971102784e-06 -2.120332239171346045e-05 4.146418468186743120e-06 -7.245307932758570819e-06
-2.800131292039505705e-09 2.059218089296336159e-06 -6.471783344887504347e-06 -3.840713632400577053e-07 9.818920114380803603e-07 3.467762962575747618e-05 -2.043817921365473457e-06 1.745613440615081989e-03 -2.381433170854012002e-03 1.676063137488449325e-04 -1.677403247070216838e-05 1.158222665251222149e-03 -2.868025562660081462e-04 -2.866688382109998639e-04
1.740632671474239047e-08 1.268785273855399976e-04 4.764021410119117388e-05 -9.901745112711316304e-08 -1.864073912797696383e-05 -3.313864921468768826e-04 9.553435931927370004e-05 -2.381433170854012002e-03 8.581108764766816333e-03 -7.032339543016487109e-04 1.069141081150527448e-04 -2.979708460317117939e-03 6.917607025650568354e-04 -5.983245437957881568e-05
1.330305229719040122e-10 -8.261518084746328745e-05 3.664365659236583313e-05 4.034838715998801387e-07 -1.240261917247075734e-05 3.442604074155570615e-04 -1.949800176321260788e-05 1.676063137488449325e-04 -7.032339543016487109e-04 4.580960532509582676e-03 -7.056979835869230935e-04 -6.354545221867535267e-03 1.361153451198117859e-03 -1.234904651650229267e-04
-4.379569354337445106e-10 1.432797721213642631e-05 -4.407297325165132107e-06 -3.226137370846199994e-08 1.364408000154991171e-06 -4.554728561713913441e-05 4.936966443971103631e-06 -1.677403247070216838e-05 1.069141081150527448e-04 -7.056979835869230935e-04 1.378700721776657874e-04 9.707717010819066602e-04 -2.601502387704038473e-04 1.975940441244977829e-05
-3.526613331796196470e-09 3.514556554358870853e-05 -6.850046617407374726e-05 -6.035606628155238034e-07 2.104562473250081424e-05 -3.335887386418138426e-04 -2.120332239171346045e-05 1.158222665251222149e-03 -2.979708460317117939e-03 -6.354545221867535267e-03 9.707717010819066602e-04 1.160296033230877322e-02 -2.506826494983974574e-03 1.105278513797371305e-04
1.536192463460285353e-09 -5.212342196045437618e-06 1.317213193946837235e-05 9.224128090949120646e-08 -3.917483255297561092e-06 5.250952827874389865e-05 4.146418468186743120e-06 -2.868025562660081462e-04 6.917607025650568354e-04 1.361153451198117859e-03 -2.601502387704038473e-04 -2.506826494983974574e-03 6.439519702620866322e-04 -1.992197383245564185e-05
1.561842351666698810e-10 -9.499052919398689332e-06 -3.417153197414858976e-06 1.110858297817713033e-07 9.712703152168225598e-07 -1.212580077246959110e-06 -7.245307932758570819e-06 -2.866688382109998639e-04 -5.983245437957881568e-05 -1.234904651650229267e-04 1.975940441244977829e-05 1.105278513797371305e-04 -1.992197383245564185e-05 1.251237787126835161e-04
