# cosmomc_theta logA ns ombh2 omch2 Alens tau a_tSZ a_kSZ a_p beta_p a_c beta_c a_s
1.944629160808569417e-12 -2.529906654625702936e-09 2.238285066621986586e-09 1.205389065784277244e-11 -8.364618007875624656e-10 1.343157175203705211e-08 -9.121588869408306504e-11 -8.915509997894248338e-10 9.737189088752018379e-09 -2.672635842523774850e-09 1.424367574236217163e-10 -5.955198629824714812e-10 6.010654172571814215e-10 5.525371013204344788e-11
-2.529906654625702936e-09 2.432341178627204744e-04 -1.086451051045712094e-05 -9.299988694652482415e-08 3.470865917049210936e-06 -2.948225876672740326e-04 1.148379254254449055e-04 3.729059922123779144e-05 -1.249112487762331044e-04 -2.155797964937694350e-05 3.836124616824006288e-06 6.319139039126521180e-05 -1.192193939929419448e-05 -3.276905525643140204e-06
2.238285066621986586e-09 -1.086451051045712094e-05 1.179787904822373059e-05 -3.243855780473739389e-08 -3.194760392429039334e-06 4.098286289845454172e-05 7.373101531017653988e-07 -6.533269549518699427e-06 1.199446695847489060e-05 7.762579986033962679e-06 -2.903899755128213591e-06 -1.528013469406626032e-05 5.507874414206210135e-06 2.828273836311940263e-06
1.205389065784277244e-11 -9.299988694652482415e-08 -3.243855780473739389e-08 4.670564889452861918e-09 -2.690508841004868283e-08 4.708289678907437116e-07 -3.317212764603113383e-08 -2.880569212578014667e-07 -8.212960062340337141e-07 6.433288344835967685e-07 -1.028518374104415186e-07 -6.041791948250659837e-07 1.370888400643387097e-07 1.176269560544265496e-07
-8.364618007875624656e-10 3.470865917049210936e-06 -3.194760392429039334e-06 -2.690508841004868283e-08 1.486369760000870609e-06 -1.947849857114069042e-05 -3.555116100793756184e-07 1.954612560448244462e-06 -8.314348555546915000e-06 7.919393798309665389e-07 1.876935269384514274e-07 -5.236339085670665612e-07 -1.390353754543278109e-07 -6.459375994514851290e-07
1.343157175203705211e-08 -2.948225876672740326e-04 4.098286289845454172e-05 4.708289678907437116e-07 -1.947849857114069042e-05 7.126899729371043287e-04 -1.190926056456330959e-04 -1.527603148467598503e-04 -7.734917773716617909e-05 1.415262795822327447e-04 -2.806441355889989503e-05 -2.326858172285802440e-04 5.592662317235824558e-05 4.455173318296942937e-05
-9.121588869408319429e-11 1.148379254254449055e-04 7.373101531017653988e-07 -3.317212764603113383e-08 -3.555116100793757772e-07 -1.190926056456330959e-04 5.775495749006584061e-05 1.595470295107159897e-05 -5.118316595031838207e-05 -1.158508747286178204e-05 1.455342564390959165e-06 3.125386002431827489e-05 -5.378512439449116520e-06 -7.001800224025958591e-07
-8.915509997894248338e-10 3.729059922123779144e-05 -6.533269549518699427e-06 -2.880569212578014667e-07 1.954612560448244462e-06 -1.527603148467598503e-04 1.595470295107159219e-05 1.881165547167971920e-03 -2.559183407374246780e-03 -3.262788417386897587e-04 7.636281671279376024e-05 1.874505964489557933e-03 -4.784541451400591613e-04 -2.592093454996988828e-04
9.737189088752018379e-09 -1.249112487762331044e-04 1.199446695847489060e-05 -8.212960062340337141e-07 -8.314348555546915000e-06 -7.734917773716617909e-05 -5.118316595031838207e-05 -2.559183407374246780e-03 1.059821804309007097e-02 -7.486559927637819693e-04 1.058958524787898718e-04 -3.640423014826713044e-03 8.836193199315870665e-04 -2.850419209651833307e-04
-2.672635842523774850e-09 -2.155797964937694350e-05 7.762579986033962679e-06 6.433288344835967685e-07 7.919393798309665389e-07 1.415262795822327447e-04 -1.158508747286178204e-05 -3.262788417386897587e-04 -7.486559927637819693e-04 4.972223132018748805e-03 -8.447113119966710628e-04 -7.045653580651092991e-03 1.656382914255128064e-03 1.965182976404841769e-05
1.424367574236217163e-10 3.836124616824006288e-06 -2.903899755128213591e-06 -1.028518374104415186e-07 1.876935269384514274e-07 -2.806441355889989503e-05 1.455342564390959165e-06 7.636281671279376024e-05 1.058958524787898718e-04 -8.447113119966710628e-04 1.734064549221292907e-04 1.206682427347871003e-03 -3.373971631695088513e-04 -5.456614016264608440e-06
-5.955198629824714812e-10 6.319139039126521180e-05 -1.528013469406626032e-05 -6.041791948250659837e-07 -5.236339085670665612e-07 -2.326858172285802440e-04 3.125386002431826811e-05 1.874505964489557933e-03 -3.640423014826713044e-03 -7.045653580651092991e-03 1.206682427347871003e-03 1.300480486047892771e-02 -3.072990819269309348e-03 2.617587720385171785e-05
6.010654172571814215e-10 -1.192193939929419448e-05 5.507874414206210135e-06 1.370888400643387097e-07 -1.390353754543278109e-07 5.592662317235824558e-05 -5.378512439449119061e-06 -4.784541451400591613e-04 8.836193199315870665e-04 1.656382914255128064e-03 -3.373971631695088513e-04 -3.072990819269309348e-03 8.354201043797559447e-04 1.348840283309435821e-07
5.525371013204344788e-11 -3.276905525643140204e-06 2.828273836311940263e-06 1.176269560544265496e-07 -6.459375994514851290e-07 4.455173318296942937e-05 -7.001800224025958591e-07 -2.592093454996988828e-04 -2.850419209651833307e-04 1.965182976404841769e-05 -5.456614016264608440e-06 2.617587720385171785e-05 1.348840283309435821e-07 1.278519048186346557e-04
