# cosmomc_theta logA ns ombh2 omch2 Alens tau a_tSZ a_kSZ a_p beta_p a_c beta_c a_s
1.685116146606902090e-12 -3.870218560504315576e-09 1.212924426689923322e-09 2.456759763303595695e-11 -5.263331238405377762e-10 1.097555331198689266e-08 -1.232932431321935608e-09 -6.310433763736674983e-09 1.464097559433057592e-08 -2.590767423442904611e-09 3.858346400500605477e-10 -5.740381887777962014e-09 1.697719574710500098e-09 1.744767696489353100e-09
-3.870218560504315576e-09 3.022652382412310173e-04 -3.449564968445285593e-06 -2.212143767885115192e-07 1.640056737411567438e-06 -2.430418145955794596e-04 1.470400196629144732e-04 9.353322102309971164e-05 -4.294178737516675067e-04 1.618316518570082885e-04 -4.250069932355130041e-05 -2.095686078647375389e-05 2.668827302530223217e-05 -1.610482937469255064e-05
1.212924426689923322e-09 -3.449564968445285593e-06 8.001523964628795403e-06 -1.427168809908630971e-08 -1.836353290146224011e-06 1.364124376453738976e-05 2.369429616230800377e-06 -1.187459512633982378e-05 3.242062499594330270e-05 -1.001623304941911174e-05 1.771522644951222532e-06 6.411238424839134539e-06 4.806977675931837997e-07 -2.995274059333594675e-07
2.456759763303595695e-11 -2.212143767885115192e-07 -1.427168809908630971e-08 4.604979044606143473e-09 -3.267474783176707942e-08 5.550287140862618962e-07 -7.963784845761991864e-08 -3.893503436004028429e-07 -4.222672070578063078e-07 -6.379572077076772433e-07 1.617472546069846246e-07 8.386564539222603962e-07 -2.940131124874560093e-07 2.375718284038461083e-07
-5.263331238405377762e-10 1.640056737411567438e-06 -1.836353290146224011e-06 -3.267474783176707942e-08 9.718112154378640255e-07 -1.018319635677140401e-05 -5.432787953456470420e-07 2.522920726982283385e-06 -7.160984807114401300e-06 6.019180030193531451e-06 -1.878762508737421023e-06 -6.193748019607737992e-06 2.517831102478453139e-06 -1.377698434316970097e-06
1.097555331198689266e-08 -2.430418145955794596e-04 1.364124376453738976e-05 5.550287140862618962e-07 -1.018319635677140401e-05 4.745641394999147852e-04 -1.065530052590381809e-04 -1.853713105141124265e-04 3.528813276257530092e-04 -2.670235467434295775e-04 6.992951574203412266e-05 1.046700859657260461e-04 -5.924417568010221071e-05 3.943731224880310299e-05
-1.232932431321935608e-09 1.470400196629144732e-04 2.369429616230800377e-06 -7.963784845761991864e-08 -5.432787953456470420e-07 -1.065530052590381809e-04 7.415248298602360275e-05 3.819253886458782836e-05 -1.972782709590161334e-04 7.055154053308734764e-05 -1.858082444284202400e-05 -8.752836529401028094e-07 1.042989582820650280e-05 -6.612342877645086518e-06
-6.310433763736674983e-09 9.353322102309971164e-05 -1.187459512633982378e-05 -3.893503436004028429e-07 2.522920726982283385e-06 -1.853713105141124265e-04 3.819253886458782836e-05 1.640244205318559150e-03 -2.259865134326989426e-03 2.637576754335557000e-04 -2.131368052490913045e-05 1.055442748175573330e-03 -2.922519372116288245e-04 -2.505449989408651450e-04
1.464097559433057592e-08 -4.294178737516675067e-04 3.242062499594330270e-05 -4.222672070578063078e-07 -7.160984807114401300e-06 3.528813276257530092e-04 -1.972782709590161334e-04 -2.259865134326989426e-03 7.484637081582087154e-03 -6.326448099884016306e-06 2.424381875693899164e-05 -3.903001281505823986e-03 8.534864040784859293e-04 1.124449151953096591e-05
-2.590767423442904611e-09 1.618316518570082885e-04 -1.001623304941911174e-05 -6.379572077076772433e-07 6.019180030193531451e-06 -2.670235467434295775e-04 7.055154053308734764e-05 2.637576754335557000e-04 -6.326448099884016306e-06 1.983800155225993057e-03 -3.224907333180837034e-04 -2.659061879806745576e-03 5.937833002357082194e-04 -1.050313109958715837e-04
3.858346400500605477e-10 -4.250069932355130041e-05 1.771522644951222532e-06 1.617472546069846246e-07 -1.878762508737421023e-06 6.992951574203412266e-05 -1.858082444284202400e-05 -2.131368052490913045e-05 2.424381875693899164e-05 -3.224907333180837034e-04 7.828680523887432050e-05 4.072741883488861878e-04 -1.375762092227169361e-04 1.410695980166469383e-05
-5.740381887777962014e-09 -2.095686078647375389e-05 6.411238424839134539e-06 8.386564539222603962e-07 -6.193748019607737992e-06 1.046700859657260461e-04 -8.752836529401028094e-07 1.055442748175573330e-03 -3.903001281505823986e-03 -2.659061879806745576e-03 4.072741883488861878e-04 6.360692007234224760e-03 -1.396478160191739039e-03 6.834593541182340884e-05
1.697719574710500098e-09 2.668827302530223217e-05 4.806977675931837997e-07 -2.940131124874560093e-07 2.517831102478453139e-06 -5.924417568010221071e-05 1.042989582820650280e-05 -2.922519372116288245e-04 8.534864040784859293e-04 5.937833002357082194e-04 -1.375762092227169361e-04 -1.396478160191739039e-03 3.993848426220082703e-04 -5.186169987891661495e-06
1.744767696489353100e-09 -1.610482937469255064e-05 -2.995274059333594675e-07 2.375718284038461083e-07 -1.377698434316970097e-06 3.943731224880310299e-05 -6.612342877645086518e-06 -2.505449989408651450e-04 1.124449151953096591e-05 -1.050313109958715837e-04 1.410695980166469383e-05 6.834593541182340884e-05 -5.186169987891661495e-06 9.622197535290144381e-05
