# cosmomc_theta logA ns ombh2 omch2 Alens tau a_tSZ a_kSZ a_p beta_p a_c beta_c a_s
1.940574556826421380e-12 -1.368067640007474657e-09 1.940706358034733770e-09 1.337217572846747452e-11 -7.161450925366336169e-10 1.088908330890318069e-08 2.859478129402470345e-10 -2.733705693038012803e-10 3.869256015502772130e-10 -5.914919292811122464e-09 1.164423250566630920e-09 1.223893153716226621e-08 -3.142462614480187801e-09 3.815519543713887086e-10
-1.368067640007474657e-09 2.239813974628354263e-04 -1.039517980358895865e-05 -1.977604374692454025e-08 2.894282614478041050e-06 -2.574840857643403893e-04 1.059511659406134934e-04 2.092942551028804826e-06 -3.351825706537563219e-05 1.983128859443432387e-05 -4.678540392670623258e-06 -2.722904623394221827e-05 8.919615160587336086e-06 4.935958074143215699e-07
1.940706358034733770e-09 -1.039517980358895865e-05 1.039392154191594990e-05 -3.748081886784364495e-08 -2.535824082432202627e-06 3.572186718354358021e-05 8.392191028731585849e-08 -9.104813363076232896e-06 1.542292053782048696e-06 1.043489136575869392e-05 -2.011982653450408112e-06 -1.544308843494152008e-05 3.829845827130024278e-06 3.528445643783339078e-06
1.337217572846747452e-11 -1.977604374692454025e-08 -3.748081886784364495e-08 4.387858559324354305e-09 -2.461500721621143111e-08 4.243308873719234620e-07 -1.164905240923612661e-09 -3.233290653580857399e-07 -4.304715239918616929e-07 4.474548211213094296e-07 -8.321749653711860941e-08 -6.082908191831199560e-07 1.548552817268664009e-07 7.548536231949374063e-08
-7.161450925366336169e-10 2.894282614478041050e-06 -2.535824082432202627e-06 -2.461500721621143111e-08 1.273378655656693979e-06 -1.852804560209289191e-05 -2.812016425969545998e-07 1.907539419181746063e-06 -6.727716721009434217e-06 -4.393719854959555754e-07 6.069047463657091739e-08 2.621065367057253107e-06 -4.494252685767245724e-07 -3.878647022053240590e-07
1.088908330890318069e-08 -2.574840857643403893e-04 3.572186718354358021e-05 4.243308873719234620e-07 -1.852804560209289191e-05 6.712284671603666562e-04 -1.025296808866344621e-04 -7.457651207197878575e-05 -1.956101848571224809e-04 1.303010626771699979e-04 -2.130297630455563288e-05 -1.849055728572156763e-04 3.908086870627522754e-05 1.910695017502270088e-05
2.859478129402470345e-10 1.059511659406134934e-04 8.392191028731585849e-08 -1.164905240923612661e-09 -2.812016425969544410e-07 -1.025296808866344621e-04 5.317488378273254668e-05 -2.079255629052276781e-06 -1.003096016128755496e-05 1.025267041901718594e-05 -2.596355360408618110e-06 -1.638516402568430066e-05 5.291060934351714337e-06 1.114012651401587309e-06
-2.733705693038012803e-10 2.092942551028804826e-06 -9.104813363076232896e-06 -3.233290653580857399e-07 1.907539419181746063e-06 -7.457651207197878575e-05 -2.079255629052276781e-06 2.221277159807355517e-03 -3.189406092713991097e-03 -2.962598695278285889e-04 8.022983082771782887e-05 2.385273843966639884e-03 -6.139741500261848214e-04 -3.117172439636826269e-04
3.869256015502772130e-10 -3.351825706537563219e-05 1.542292053782048273e-06 -4.304715239918616929e-07 -6.727716721009434217e-06 -1.956101848571224809e-04 -1.003096016128756512e-05 -3.189406092713991097e-03 1.075386892031690057e-02 -7.596668761914599768e-04 8.976753597231376842e-05 -4.225055786582000185e-03 1.044792243932726782e-03 -7.616063835585067186e-05
-5.914919292811122464e-09 1.983128859443432387e-05 1.043489136575869392e-05 4.474548211213094296e-07 -4.393719854959555754e-07 1.303010626771699979e-04 1.025267041901718424e-05 -2.962598695278285889e-04 -7.596668761914597600e-04 5.819132755605890654e-03 -9.618029245074322976e-04 -8.452123365241514738e-03 1.922681252886966445e-03 4.257280593339374017e-06
1.164423250566630920e-09 -4.678540392670623258e-06 -2.011982653450408112e-06 -8.321749653711860941e-08 6.069047463657091739e-08 -2.130297630455563288e-05 -2.596355360408618110e-06 8.022983082771782887e-05 8.976753597231376842e-05 -9.618029245074322976e-04 1.935089185946160405e-04 1.394763275451649590e-03 -3.810939661273450010e-04 -5.505995625947830717e-06
1.223893153716226621e-08 -2.722904623394221827e-05 -1.544308843494152008e-05 -6.082908191831199560e-07 2.621065367057253107e-06 -1.849055728572156763e-04 -1.638516402568430066e-05 2.385273843966639884e-03 -4.225055786582000185e-03 -8.452123365241514738e-03 1.394763275451649590e-03 1.587216545421328909e-02 -3.626931323061069554e-03 -7.297031540893207332e-05
-3.142462614480187801e-09 8.919615160587336086e-06 3.829845827130024278e-06 1.548552817268664009e-07 -4.494252685767245724e-07 3.908086870627522754e-05 5.291060934351714337e-06 -6.139741500261848214e-04 1.044792243932726782e-03 1.922681252886966445e-03 -3.810939661273450010e-04 -3.626931323061069554e-03 9.581109964012633371e-04 2.896576776004843978e-05
3.815519543713887086e-10 4.935958074143215699e-07 3.528445643783339078e-06 7.548536231949374063e-08 -3.878647022053240590e-07 1.910695017502270088e-05 1.114012651401587521e-06 -3.117172439636826269e-04 -7.616063835585067186e-05 4.257280593339374017e-06 -5.505995625947830717e-06 -7.297031540893207332e-05 2.896576776004843978e-05 1.309133783983577306e-04
