# cosmomc_theta logA ns ombh2 omch2 Alens tau a_tSZ a_kSZ a_p beta_p a_c beta_c a_s
1.965052828936767012e-12 -3.109794111687270583e-10 1.531050597696789810e-09 -7.848692997093242765e-12 -4.880282127146677081e-10 7.781448831020590956e-09 4.559897828738506441e-10 -1.180897613440777936e-08 3.224594838247108308e-08 5.183654556984993699e-09 -2.112037437340787882e-09 -1.794108073905463041e-08 6.676670883958204457e-09 6.927338122713387625e-10
-3.109794111687270583e-10 1.259818146911832477e-04 -1.192060459592678417e-05 -9.113600912690629691e-08 4.035083889591748252e-06 -1.576481141812130743e-04 5.607916468307575940e-05 -2.268918955177647538e-05 1.143056497088565366e-04 -6.703191657638242202e-05 1.838891515431733829e-05 3.883799638022736973e-05 -2.173139351216059339e-05 2.910821617678431996e-06
1.531050597696789810e-09 -1.192060459592678417e-05 1.050159346865873073e-05 -8.941830124921742886e-08 -2.351484777105858367e-06 4.077325050424617550e-05 -7.517060488133257576e-07 -4.076761833144375004e-05 1.085783193977174989e-05 -2.595402505782571035e-06 6.489505904807622097e-07 -1.424138040311402640e-07 -2.640982708195930107e-07 1.214849795607674925e-05
-7.848692997093242765e-12 -9.113600912690629691e-08 -8.941830124921742886e-08 4.297520812229453534e-09 -3.734409345951821334e-10 -1.685125307610447207e-08 -7.186723607378811057e-08 2.970580165101947752e-07 -1.875439378094951107e-06 4.587566954964931681e-07 -1.170228991717422358e-07 8.554742699599514099e-08 4.853269143580275203e-08 7.672999347226543057e-08
-4.880282127146677081e-10 4.035083889591748252e-06 -2.351484777105858367e-06 -3.734409345951821334e-10 9.485042154545662068e-07 -1.523387852012405725e-05 5.978902058291912221e-07 8.625918853572753898e-06 1.827915858886766306e-08 8.095691539053427620e-06 -8.331427900621437539e-07 -1.400809804309267935e-05 2.369812289251516013e-06 -3.680161319128135241e-06
7.781448831020590956e-09 -1.576481141812130743e-04 4.077325050424617550e-05 -1.685125307610447207e-08 -1.523387852012405725e-05 4.964558689267416789e-04 -5.429605715886603605e-05 -2.859023589854752315e-04 -1.086852015649101320e-05 1.023244493436654712e-04 -3.873491834929646184e-05 -2.015556358347296388e-04 8.452682676630664466e-05 6.527298427504972403e-05
4.559897828738506441e-10 5.607916468307575940e-05 -7.517060488133257576e-07 -7.186723607378811057e-08 5.978902058291912221e-07 -5.429605715886603605e-05 2.757486240926098901e-05 -3.501289589578144619e-05 7.236465176054836376e-05 -4.815110029354739311e-05 1.141926795717572524e-05 3.374312442030441409e-05 -1.367146470757962409e-05 8.271400300592718022e-06
-1.180897613440777936e-08 -2.268918955177647538e-05 -4.076761833144375004e-05 2.970580165101947752e-07 8.625918853572753898e-06 -2.859023589854752315e-04 -3.501289589578144619e-05 1.990720097741133839e-03 -2.171771157873291988e-03 3.275441593189542221e-04 -4.872328714779205621e-05 7.291968919961081506e-04 -1.781505665168918223e-04 -3.476652358058100853e-04
3.224594838247108308e-08 1.143056497088565366e-04 1.085783193977174989e-05 -1.875439378094951107e-06 1.827915858886766306e-08 -1.086852015649101320e-05 7.236465176054836376e-05 -2.171771157873291988e-03 8.944354578393804919e-03 -1.180859754800473458e-03 1.905204121741438947e-04 -2.358236253540498158e-03 5.487958779495394910e-04 -2.142100116562849839e-04
5.183654556984993699e-09 -6.703191657638242202e-05 -2.595402505782571035e-06 4.587566954964931681e-07 8.095691539053427620e-06 1.023244493436654712e-04 -4.815110029354739311e-05 3.275441593189542221e-04 -1.180859754800473458e-03 6.283015201774199213e-03 -1.126382114600365646e-03 -8.952431638081286003e-03 2.190318277595092872e-03 -1.324290434305425168e-04
-2.112037437340787882e-09 1.838891515431733829e-05 6.489505904807622097e-07 -1.170228991717422358e-07 -8.331427900621437539e-07 -3.873491834929646184e-05 1.141926795717572524e-05 -4.872328714779205621e-05 1.905204121741438947e-04 -1.126382114600365646e-03 2.310734064082111089e-04 1.597328305893256110e-03 -4.450982345051755860e-04 2.298102246802043091e-05
-1.794108073905463041e-08 3.883799638022736973e-05 -1.424138040311402640e-07 8.554742699599514099e-08 -1.400809804309267935e-05 -2.015556358347296388e-04 3.374312442030441409e-05 7.291968919961081506e-04 -2.358236253540498158e-03 -8.952431638081286003e-03 1.597328305893256110e-03 1.542987389584497653e-02 -3.714937856608790598e-03 2.368808160363504401e-04
6.676670883958204457e-09 -2.173139351216059339e-05 -2.640982708195930107e-07 4.853269143580275203e-08 2.369812289251516013e-06 8.452682676630664466e-05 -1.367146470757962409e-05 -1.781505665168918223e-04 5.487958779495394910e-04 2.190318277595092872e-03 -4.450982345051755860e-04 -3.714937856608790598e-03 1.005086128498453068e-03 -5.458308928854587225e-05
6.927338122713387625e-10 2.910821617678431996e-06 1.214849795607674925e-05 7.672999347226543057e-08 -3.680161319128135241e-06 6.527298427504972403e-05 8.271400300592718022e-06 -3.476652358058100853e-04 -2.142100116562849839e-04 -1.324290434305425168e-04 2.298102246802043091e-05 2.368808160363504401e-04 -5.458308928854587225e-05 1.505328591456635355e-04
