# cosmomc_theta logA ns ombh2 omch2 Alens tau a_tSZ a_kSZ a_p beta_p a_c beta_c a_s
1.832132046564712213e-12 -6.483806047497734135e-10 1.283528575467607240e-09 6.963017911436507010e-12 -3.474805242528429961e-10 3.023459439819638445e-09 2.176304231473681142e-10 2.929279300628717882e-09 1.275047244520384889e-08 -1.231129419571319736e-08 1.848536668010092093e-09 1.326077640900593251e-08 -2.611685414284123623e-09 -1.506079888280414922e-09
-6.483806047497734135e-10 1.982098853543535772e-04 -1.071840465238821816e-05 6.768102824464646947e-09 3.353310902911173344e-06 -2.061833124922719416e-04 9.236142349470433035e-05 6.296480473546911451e-05 -4.479952886755665062e-06 2.031983880653432620e-04 -3.478042240492107493e-05 -2.883843033307943293e-04 6.962999997836520215e-05 -3.220308105685248354e-05
1.283528575467607240e-09 -1.071840465238821816e-05 8.568393244427633523e-06 -3.596550995922228732e-08 -1.800359195548427629e-06 2.601718786814741523e-05 -1.132479994497943371e-06 -1.476539493236189054e-05 -1.201062650551548111e-05 1.937546996176349858e-05 -4.323158192327898657e-06 -2.522289833582713354e-05 8.958668644307659791e-06 5.342561865148193013e-06
6.963017911436507010e-12 6.768102824464646947e-09 -3.596550995922228732e-08 4.215243694074486672e-09 -1.911776757320983505e-08 1.070646896656015965e-07 1.177186738737653419e-08 -3.573068130951614065e-08 -8.127415073935377255e-07 1.101978152098860979e-08 3.550544236873145503e-09 2.085455700894030789e-07 -4.923623119238858100e-08 1.201084819401626882e-07
-3.474805242528429961e-10 3.353310902911173344e-06 -1.800359195548427629e-06 -1.911776757320983505e-08 1.002234074287207753e-06 -1.374239632187739867e-05 3.531456345232455509e-07 -1.177326738084196286e-06 1.671030626684141626e-06 9.278971187803812453e-06 -1.372587633749132165e-06 -1.645468596711139648e-05 3.232910786515265760e-06 -1.543762662550318175e-06
3.023459439819638445e-09 -2.061833124922719416e-04 2.601718786814741523e-05 1.070646896656015965e-07 -1.374239632187739867e-05 4.860260226272112736e-04 -8.314496274931791901e-05 -1.327518112218673398e-04 -1.691511878782634641e-04 -2.110221852659262709e-04 3.172348928837164726e-05 3.312358341811613574e-04 -6.966496071319736602e-05 6.930865512822661860e-05
2.176304231473681142e-10 9.236142349470433035e-05 -1.132479994497943371e-06 1.177186738737653419e-08 3.531456345232455509e-07 -8.314496274931791901e-05 4.542279411871405124e-05 2.788719535394315846e-05 -7.888699586882029323e-06 9.548803797652577799e-05 -1.674073658860087652e-05 -1.324207223538974645e-04 3.340904972748572456e-05 -1.330681898949254582e-05
2.929279300628717882e-09 6.296480473546911451e-05 -1.476539493236189054e-05 -3.573068130951614065e-08 -1.177326738084196286e-06 -1.327518112218673398e-04 2.788719535394315846e-05 2.401865270145452872e-03 -2.588480089417932034e-03 -7.687102897882101696e-04 1.823449924818419915e-04 2.670350427180127797e-03 -7.269301166078999659e-04 -3.826849956229170071e-04
1.275047244520384889e-08 -4.479952886755665062e-06 -1.201062650551548111e-05 -8.127415073935377255e-07 1.671030626684141626e-06 -1.691511878782634641e-04 -7.888699586882029323e-06 -2.588480089417932034e-03 9.239595837389801350e-03 -2.375544995736004062e-04 1.543205945587858917e-05 -4.122092395701449849e-03 9.760024286143772912e-04 -2.120361545433413139e-04
-1.231129419571319736e-08 2.031983880653432620e-04 1.937546996176349858e-05 1.101978152098860979e-08 9.278971187803812453e-06 -2.110221852659262709e-04 9.548803797652577799e-05 -7.687102897882101696e-04 -2.375544995736004062e-04 7.861063861824370280e-03 -1.423566203742820165e-03 -1.146795879653278623e-02 2.894454126698231631e-03 2.034594173674754647e-05
1.848536668010092093e-09 -3.478042240492107493e-05 -4.323158192327898657e-06 3.550544236873145503e-09 -1.372587633749132165e-06 3.172348928837164726e-05 -1.674073658860087652e-05 1.823449924818419915e-04 1.543205945587858917e-05 -1.423566203742820165e-03 2.878962867147478056e-04 2.071209197559293214e-03 -5.804137598135727374e-04 -1.204212730186128693e-05
1.326077640900593251e-08 -2.883843033307943293e-04 -2.522289833582713354e-05 2.085455700894030789e-07 -1.645468596711139648e-05 3.312358341811613574e-04 -1.324207223538974645e-04 2.670350427180127797e-03 -4.122092395701450716e-03 -1.146795879653278623e-02 2.071209197559293214e-03 1.973651516517591423e-02 -4.894199874900420459e-03 1.009447186889011992e-06
-2.611685414284123623e-09 6.962999997836520215e-05 8.958668644307659791e-06 -4.923623119238858100e-08 3.232910786515265760e-06 -6.966496071319736602e-05 3.340904972748572456e-05 -7.269301166078999659e-04 9.760024286143772912e-04 2.894454126698231631e-03 -5.804137598135727374e-04 -4.894199874900420459e-03 1.336447248700929364e-03 2.209849433549946964e-05
-1.506079888280414922e-09 -3.220308105685248354e-05 5.342561865148193013e-06 1.201084819401626882e-07 -1.543762662550318175e-06 6.930865512822661860e-05 -1.330681898949254582e-05 -3.826849956229170071e-04 -2.120361545433413139e-04 2.034594173674754647e-05 -1.204212730186128693e-05 1.009447186889011992e-06 2.209849433549946964e-05 1.738679276379771961e-04
