# cosmomc_theta logA ns ombh2 omch2 Alens tau a_tSZ a_kSZ a_p beta_p a_c beta_c a_s
1.896291963710516336e-12 -2.059789888348269730e-09 2.018422405708749035e-09 2.768491874572559187e-11 -9.669116169912609095e-10 1.463464398315906830e-08 2.129787785542491930e-10 -7.522493604918456923e-09 1.724528503957490934e-08 2.468912593725441222e-09 -8.272001087811414795e-10 -5.357417749962397610e-09 2.326246796861856378e-09 6.199167637385593145e-10
-2.059789888348269730e-09 1.866641668712214176e-04 -5.528441981016895777e-06 -8.426748245434997927e-08 1.836413652371622448e-06 -2.096111457235483907e-04 9.088129302913724994e-05 1.911591570179792230e-05 1.051731172050007816e-04 -1.245927332339597979e-04 2.477926629663147555e-05 1.061513099005803026e-04 -2.865850675462862197e-05 -2.514283351769701960e-05
2.018422405708749035e-09 -5.528441981016895777e-06 9.753505324291611550e-06 -1.728107807593295618e-08 -2.747208768171345208e-06 3.282862299745414658e-05 2.456304822947669792e-06 -1.434686026504957343e-06 -2.729476261882417798e-06 5.764064165927689893e-06 -1.444885413252704286e-06 9.409545838305523002e-06 -6.069201611908263978e-07 8.563574256956550336e-07
2.768491874572559187e-11 -8.426748245434997927e-08 -1.728107807593295618e-08 4.136213447519406931e-09 -2.751377060743020650e-08 5.464720428208617384e-07 -2.425451087597585506e-08 -5.832864730801553047e-07 -3.593634119948975254e-07 1.337740408000257456e-06 -2.773710335897572145e-07 -2.108875331461872057e-06 6.012312727006859823e-07 1.451712315266482548e-07
-9.669116169912609095e-10 1.836413652371622448e-06 -2.747208768171345208e-06 -2.751377060743020650e-08 1.373560489277194496e-06 -1.780698603906161466e-05 -9.700868846875625829e-07 3.490480468524536649e-07 -1.232674167835249939e-05 -2.264231834640351749e-06 1.075582358951356361e-06 7.379998317366498237e-07 -1.716244420887657032e-06 7.552390792503383369e-07
1.463464398315906830e-08 -2.096111457235483907e-04 3.282862299745414658e-05 5.464720428208617384e-07 -1.780698603906161466e-05 5.884143981082731213e-04 -8.018243033124000164e-05 -1.057951695394367152e-04 -2.283416370808313822e-04 2.600673475996752282e-04 -5.441419551277635621e-05 -2.650214753124780658e-04 8.807818176050622892e-05 4.284740348139224334e-05
2.129787785542491155e-10 9.088129302913724994e-05 2.456304822947669792e-06 -2.425451087597585506e-08 -9.700868846875625829e-07 -8.018243033124000164e-05 4.750588754148538112e-05 1.033841461172724273e-05 5.543359391526792739e-05 -6.359734555974109441e-05 1.240519660773107786e-05 6.286405753150252460e-05 -1.581711444842838992e-05 -1.289374722097789412e-05
-7.522493604918456923e-09 1.911591570179792230e-05 -1.434686026504957343e-06 -5.832864730801553047e-07 3.490480468524536649e-07 -1.057951695394367152e-04 1.033841461172724273e-05 1.634936428130413528e-03 -1.502402381988752382e-03 -6.153203709166354431e-04 1.449056101325372624e-04 1.991276151625660535e-03 -5.458523145482792327e-04 -2.870359633553113679e-04
1.724528503957490934e-08 1.051731172050007816e-04 -2.729476261882417798e-06 -3.593634119948975254e-07 -1.232674167835249939e-05 -2.283416370808313822e-04 5.543359391526794095e-05 -1.502402381988752382e-03 7.610888483336374077e-03 -1.375786343004252758e-03 2.580749778270655299e-04 -1.201105878392206899e-03 2.052394914220948485e-04 -2.329057882834827532e-04
2.468912593725441222e-09 -1.245927332339597979e-04 5.764064165927689893e-06 1.337740408000257456e-06 -2.264231834640351749e-06 2.600673475996752282e-04 -6.359734555974109441e-05 -6.153203709166354431e-04 -1.375786343004252758e-03 6.771629346526144080e-03 -1.236249810210616291e-03 -9.556691015144686691e-03 2.413985219094451785e-03 1.824813605432084782e-04
-8.272001087811414795e-10 2.477926629663147555e-05 -1.444885413252704286e-06 -2.773710335897572145e-07 1.075582358951356361e-06 -5.441419551277635621e-05 1.240519660773107786e-05 1.449056101325372624e-04 2.580749778270655299e-04 -1.236249810210616291e-03 2.627805452664367671e-04 1.733561457903097817e-03 -5.049223233829815138e-04 -4.378441203945149457e-05
-5.357417749962397610e-09 1.061513099005803026e-04 9.409545838305523002e-06 -2.108875331461872057e-06 7.379998317366498237e-07 -2.650214753124780658e-04 6.286405753150252460e-05 1.991276151625660535e-03 -1.201105878392206899e-03 -9.556691015144686691e-03 1.733561457903097817e-03 1.578140339845614595e-02 -3.908672943508233535e-03 -2.942458576924448436e-04
2.326246796861856378e-09 -2.865850675462862197e-05 -6.069201611908263978e-07 6.012312727006859823e-07 -1.716244420887657032e-06 8.807818176050622892e-05 -1.581711444842838992e-05 -5.458523145482792327e-04 2.052394914220948485e-04 2.413985219094451785e-03 -5.049223233829815138e-04 -3.908672943508233535e-03 1.101489118066628073e-03 9.613658003132195264e-05
6.199167637385593145e-10 -2.514283351769701960e-05 8.563574256956550336e-07 1.451712315266482548e-07 7.552390792503383369e-07 4.284740348139224334e-05 -1.289374722097789412e-05 -2.870359633553113679e-04 -2.329057882834827532e-04 1.824813605432084782e-04 -4.378441203945149457e-05 -2.942458576924448436e-04 9.613658003132195264e-05 1.236357712532282519e-04
