# cosmomc_theta logA ns ombh2 omch2 Alens tau a_tSZ a_kSZ a_p beta_p a_c beta_c a_s
1.679363185560172856e-12 -1.892261224156603510e-10 1.626880325318530887e-09 2.662871261013534330e-11 -7.659004613219119539e-10 1.240444181837579743e-08 8.870346050079494396e-10 -1.572593754504173757e-08 1.705012373968414394e-08 1.319957765922543878e-08 -3.459269511304627894e-09 -2.891248961075629436e-08 9.543490589271582308e-09 2.423044541702200285e-09
-1.892261224156603510e-10 1.159700726949195040e-04 -1.361431851134084071e-06 -7.018940373018728018e-08 5.226974314237525182e-08 -1.180128341903153834e-04 5.779639823128043769e-05 4.817474798031768069e-07 1.863128737855341904e-04 2.481215187016016748e-05 -2.846050344193096858e-06 -1.534689199886538633e-04 3.131218572311609329e-05 -3.292451999452039580e-05
1.626880325318530887e-09 -1.361431851134084071e-06 8.447490941280832159e-06 -1.578848753365242747e-08 -2.482208626115251838e-06 2.583669583705149996e-05 3.952481418920089534e-06 -1.753316502366638959e-05 2.254103227470833027e-05 6.958834456408631380e-06 -5.413030723536630366e-06 -2.176591591032776422e-05 1.405646655884191521e-05 2.317295005379842837e-06
2.662871261013534330e-11 -7.018940373018728018e-08 -1.578848753365242747e-08 4.226195251732188458e-09 -2.643922357574639394e-08 5.206453257287382603e-07 -1.752274702238860568e-08 -5.518409223525549712e-07 -6.197741545079841122e-07 2.037189044107147781e-06 -3.709256984345232022e-07 -2.921892716996791522e-06 7.477470923670010540e-07 1.101612699482526691e-07
-7.659004613219119539e-10 5.226974314237525182e-08 -2.482208626115251838e-06 -2.643922357574639394e-08 1.252693964868155840e-06 -1.381358006660099071e-05 -1.672478644889327747e-06 3.090445779104117532e-06 -1.052406290930586845e-05 -1.286689483074675408e-05 3.800713262215561334e-06 2.127119780408783035e-05 -8.451725031300319520e-06 1.876836966263970746e-07
1.240444181837579743e-08 -1.180128341903153834e-04 2.583669583705149996e-05 5.206453257287382603e-07 -1.381358006660099071e-05 4.159445172261618169e-04 -3.994064332796090405e-05 -9.543730118518956908e-05 -3.550781500216795860e-04 4.472902787400457832e-04 -1.019041174768298781e-04 -5.243725997642914539e-04 1.832536197603660763e-04 5.393432128420960016e-05
8.870346050079494396e-10 5.779639823128043769e-05 3.952481418920089534e-06 -1.752274702238860568e-08 -1.672478644889327747e-06 -3.994064332796090405e-05 3.176687216923407167e-05 -7.977780219882828149e-06 1.042940107042918243e-04 2.757027427462605706e-05 -6.412961217244276335e-06 -1.042699411517351458e-04 2.735929394717246364e-05 -1.575823067166745364e-05
-1.572593754504173757e-08 4.817474798031768069e-07 -1.753316502366638959e-05 -5.518409223525549712e-07 3.090445779104117532e-06 -9.543730118518956908e-05 -7.977780219882828149e-06 1.504735006419835467e-03 -1.347485693794900699e-03 -1.856460497195094384e-04 4.402611075209131715e-05 1.285567689511505664e-03 -3.225873837687031156e-04 -2.569352283284133788e-04
1.705012373968414394e-08 1.863128737855341904e-04 2.254103227470833027e-05 -6.197741545079841122e-07 -1.052406290930586845e-05 -3.550781500216795860e-04 1.042940107042918243e-04 -1.347485693794900699e-03 6.142199035200415595e-03 -2.206053592853119381e-03 3.896258254917186526e-04 5.278101076520381931e-04 -1.764915280102730653e-04 -1.364388166897857963e-04
1.319957765922543878e-08 2.481215187016016748e-05 6.958834456408631380e-06 2.037189044107147781e-06 -1.286689483074675408e-05 4.472902787400457832e-04 2.757027427462605706e-05 -1.856460497195094384e-04 -2.206053592853119381e-03 5.929149841868741264e-03 -9.987282964042652235e-04 -7.567029872675924869e-03 1.820231815739357419e-03 9.973285418559413719e-05
-3.459269511304627894e-09 -2.846050344193096858e-06 -5.413030723536630366e-06 -3.709256984345232022e-07 3.800713262215561334e-06 -1.019041174768298781e-04 -6.412961217244276335e-06 4.402611075209131715e-05 3.896258254917186526e-04 -9.987282964042652235e-04 1.985185183163137911e-04 1.266009993146000349e-03 -3.590985032044317058e-04 -1.565036490602653889e-05
-2.891248961075629436e-08 -1.534689199886538633e-04 -2.176591591032776422e-05 -2.921892716996791522e-06 2.127119780408783035e-05 -5.243725997642914539e-04 -1.042699411517351458e-04 1.285567689511505664e-03 5.278101076520381931e-04 -7.567029872675924869e-03 1.266009993146000349e-03 1.153142040857028580e-02 -2.745901507599808351e-03 -1.871692345435676424e-04
9.543490589271582308e-09 3.131218572311609329e-05 1.405646655884191521e-05 7.477470923670010540e-07 -8.451725031300319520e-06 1.832536197603660763e-04 2.735929394717246364e-05 -3.225873837687031156e-04 -1.764915280102730653e-04 1.820231815739357419e-03 -3.590985032044317058e-04 -2.745901507599808351e-03 7.629251063123594330e-04 4.213819136026154176e-05
2.423044541702200285e-09 -3.292451999452039580e-05 2.317295005379842837e-06 1.101612699482526691e-07 1.876836966263970746e-07 5.393432128420960016e-05 -1.575823067166745364e-05 -2.569352283284133788e-04 -1.364388166897857963e-04 9.973285418559413719e-05 -1.565036490602653889e-05 -1.871692345435676424e-04 4.213819136026154176e-05 1.087496329298457938e-04
