# cosmomc_theta logA ns ombh2 omch2 Alens tau a_tSZ a_kSZ a_p beta_p a_c beta_c a_s
2.010370229910920581e-12 -2.092418730107981839e-09 1.845441474916283163e-09 1.475101818570873316e-11 -7.563572783596767985e-10 1.260870014721559771e-08 -5.482675274871538930e-11 8.713021830982663478e-11 1.099272615828929847e-08 -3.487333949649752300e-10 1.224070415791700335e-10 1.867281396077839807e-09 -4.973506885081416288e-10 -8.695066888532475345e-10
-2.092418730107981839e-09 2.135200829630309243e-04 -1.233627570984736311e-05 -2.588037697838200051e-08 4.276777949216745378e-06 -2.591093347592443477e-04 9.971443952992877077e-05 -3.025964958948713641e-05 -1.031960966038599307e-05 3.192924328715065753e-05 -6.880486999876552447e-06 -6.902712141256174159e-05 1.905467081061712074e-05 1.287847261872449016e-06
1.845441474916283163e-09 -1.233627570984736311e-05 9.833928834064375535e-06 -2.941930630718737594e-08 -2.514817873601760557e-06 3.692213018661836551e-05 -1.027279388129415492e-06 -5.210214599161506968e-06 1.490419521754509818e-05 4.678454949805501361e-06 -4.310366333172912786e-07 -8.790151944383711309e-06 1.309823645090598908e-06 1.072993450231624861e-06
1.475101818570873316e-11 -2.588037697838200051e-08 -2.941930630718737594e-08 3.976782854021768755e-09 -2.429687620768659506e-08 3.513184614731293914e-07 -1.040037120985249090e-09 -1.974404763305541636e-07 7.746689497392258629e-08 5.037077249634935233e-07 -1.009797896242678454e-07 -9.770951429784137803e-07 2.550600903542476721e-07 4.466397415826110537e-08
-7.563572783596767985e-10 4.276777949216745378e-06 -2.514817873601760557e-06 -2.429687620768659506e-08 1.248246713667787341e-06 -1.861744716022899177e-05 4.036183366668771484e-07 -4.849860364977255305e-07 -1.277458378960349997e-05 5.069497895209800538e-08 -4.029219787219175908e-08 2.076229967396111666e-06 -3.537016031346763747e-07 4.122571142520213394e-07
1.260870014721559771e-08 -2.591093347592443477e-04 3.692213018661836551e-05 3.513184614731293914e-07 -1.861744716022899177e-05 6.693292590792379636e-04 -1.034611381732065234e-04 -6.456281078223882850e-05 -1.148772804585738907e-04 1.628167797030638942e-04 -2.558450159312447548e-05 -2.302729014180200412e-04 5.081980020032064000e-05 2.181542431886356436e-05
-5.482675274871541515e-11 9.971443952992877077e-05 -1.027279388129415068e-06 -1.040037120985247849e-09 4.036183366668771484e-07 -1.034611381732065234e-04 4.951856741079131496e-05 -1.559966349950359048e-05 9.964036044911706144e-06 1.423460094506153142e-05 -2.932142605022418550e-06 -3.506110082354729399e-05 9.180941884022304441e-06 4.191999810057800789e-07
8.713021830982663478e-11 -3.025964958948713641e-05 -5.210214599161506968e-06 -1.974404763305541636e-07 -4.849860364977255305e-07 -6.456281078223882850e-05 -1.559966349950358709e-05 1.900559302271688815e-03 -2.402729419551375561e-03 -1.082774815808827635e-04 6.925225585367728162e-05 1.677642575615718740e-03 -4.933892330558468670e-04 -3.082254340412719697e-04
1.099272615828929847e-08 -1.031960966038599307e-05 1.490419521754509818e-05 7.746689497392258629e-08 -1.277458378960349997e-05 -1.148772804585738907e-04 9.964036044911706144e-06 -2.402729419551375561e-03 9.033848885949637142e-03 -9.620961262016504336e-04 9.490698696197304770e-05 -2.830678140812477664e-03 8.057275639851867914e-04 -1.028468354958874244e-04
-3.487333949649752300e-10 3.192924328715065753e-05 4.678454949805501361e-06 5.037077249634935233e-07 5.069497895209800538e-08 1.628167797030638942e-04 1.423460094506153142e-05 -1.082774815808827635e-04 -9.620961262016504336e-04 5.757825241430454891e-03 -9.782631080830872343e-04 -8.074904337855272340e-03 1.898961808612973463e-03 -2.980952643473299665e-05
1.224070415791700335e-10 -6.880486999876552447e-06 -4.310366333172912786e-07 -1.009797896242678454e-07 -4.029219787219175908e-08 -2.558450159312447548e-05 -2.932142605022418550e-06 6.925225585367728162e-05 9.490698696197304770e-05 -9.782631080830872343e-04 2.017687306408470153e-04 1.399746821589165080e-03 -3.926928462030936399e-04 -9.714888233905128320e-07
1.867281396077839807e-09 -6.902712141256174159e-05 -8.790151944383711309e-06 -9.770951429784137803e-07 2.076229967396111666e-06 -2.302729014180200412e-04 -3.506110082354729399e-05 1.677642575615718740e-03 -2.830678140812477664e-03 -8.074904337855272340e-03 1.399746821589165080e-03 1.439710994086214162e-02 -3.442110928179114692e-03 -4.133611767248410076e-05
-4.973506885081416288e-10 1.905467081061712074e-05 1.309823645090598908e-06 2.550600903542476721e-07 -3.537016031346763747e-07 5.081980020032064000e-05 9.180941884022302747e-06 -4.933892330558468670e-04 8.057275639851867914e-04 1.898961808612973463e-03 -3.926928462030936399e-04 -3.442110928179114692e-03 9.475267062384475731e-04 2.269416219584689541e-05
-8.695066888532475345e-10 1.287847261872449016e-06 1.072993450231624861e-06 4.466397415826110537e-08 4.122571142520213394e-07 2.181542431886356436e-05 4.191999810057798672e-07 -3.082254340412719697e-04 -1.028468354958874244e-04 -2.980952643473299665e-05 -9.714888233905128320e-07 -4.133611767248410076e-05 2.269416219584689541e-05 1.305314305690655370e-04
