# cosmomc_theta logA ns ombh2 omch2 Alens tau a_tSZ a_kSZ a_p beta_p a_c beta_c a_s
2.248677433393388140e-12 2.296354217010546950e-09 2.373280074457964179e-09 4.736504017964735351e-12 -7.389823242761564586e-10 6.425905997479930322e-09 2.356879911987140995e-09 5.930483276492612454e-09 9.092629313902502358e-09 -1.048333253012764713e-08 3.700413117878498746e-09 1.490564421648270893e-08 -6.736659040823393824e-09 -2.188618669474570229e-09
2.296354217010546950e-09 2.945603447484407039e-04 -1.576162095955374896e-05 1.450765978055182478e-08 5.892447468580448319e-06 -4.027582846583314339e-04 1.383279329026064215e-04 4.700971742423668681e-05 1.958414870501876809e-04 2.681969928313194412e-04 -5.355311712596294089e-05 -5.050885797978511144e-04 1.311196746693775645e-04 -3.662597732852162195e-05
2.373280074457964179e-09 -1.576162095955374896e-05 1.479525354282664133e-05 -2.942722291826537147e-08 -4.171826849409222693e-06 5.936627103102069293e-05 -3.263779603759235980e-08 -1.030097140900839248e-05 -7.149181146103209369e-06 5.317511273687228363e-06 1.377466656845599667e-06 -5.314855610202127734e-06 -3.096980886172792253e-06 4.278107514691221772e-06
4.736504017964735351e-12 1.450765978055182478e-08 -2.942722291826537147e-08 3.964706630048813306e-09 -3.000567808540237558e-08 3.686425827383836010e-07 2.457133055966861055e-08 -3.514527209338220679e-07 -1.388947987176093130e-07 2.807069955940417639e-07 -8.881187927220351304e-08 -4.306982843605860890e-07 1.609391315858320819e-07 1.192196055204106119e-07
-7.389823242761564586e-10 5.892447468580448319e-06 -4.171826849409222693e-06 -3.000567808540237558e-08 1.886431368055210585e-06 -2.908731770513165720e-05 1.991582422809816273e-07 1.908400247336750057e-08 1.012496386946042398e-05 5.503570527315551583e-06 -1.200711651192786833e-06 -1.140423921665152246e-05 3.259669144077256800e-06 -1.897466789704068353e-06
6.425905997479930322e-09 -4.027582846583314339e-04 5.936627103102069293e-05 3.686425827383836010e-07 -2.908731770513165720e-05 9.773653418524601896e-04 -1.612737863690142292e-04 -3.148001034126348004e-05 -7.373617091487660391e-04 -2.927093255233436785e-04 6.588271842798090088e-05 6.540017104408233327e-04 -1.807298187025301376e-04 8.789930572253784125e-05
2.356879911987140995e-09 1.383279329026064215e-04 -3.263779603759203554e-08 2.457133055966861055e-08 1.991582422809816273e-07 -1.612737863690142292e-04 6.941548191117756083e-05 1.847291488849867497e-05 9.553309945275421369e-05 1.314116465373006725e-04 -2.547277805118860415e-05 -2.488671466847139097e-04 6.293327743522671744e-05 -1.555635840000486590e-05
5.930483276492612454e-09 4.700971742423668681e-05 -1.030097140900839248e-05 -3.514527209338220679e-07 1.908400247336750057e-08 -3.148001034126348004e-05 1.847291488849867497e-05 2.507217781046522983e-03 -3.831404113473346664e-03 -4.574831962294640037e-04 1.485043594162305150e-04 2.703353865680871958e-03 -7.340437320602911627e-04 -3.046110638610605246e-04
9.092629313902502358e-09 1.958414870501876809e-04 -7.149181146103209369e-06 -1.388947987176093130e-07 1.012496386946042398e-05 -7.373617091487660391e-04 9.553309945275421369e-05 -3.831404113473346664e-03 1.181520018991255583e-02 4.175130418181857944e-04 -1.847801258418769880e-04 -6.132285367874529790e-03 1.590658068224211005e-03 -1.099315711497445935e-04
-1.048333253012764713e-08 2.681969928313194412e-04 5.317511273687228363e-06 2.807069955940417639e-07 5.503570527315551583e-06 -2.927093255233436785e-04 1.314116465373006725e-04 -4.574831962294640037e-04 4.175130418181857944e-04 6.325839757937855475e-03 -1.065561313491327541e-03 -9.665384853098851065e-03 2.180207735284575392e-03 -2.121315630879983536e-05
3.700413117878498746e-09 -5.355311712596294089e-05 1.377466656845599667e-06 -8.881187927220351304e-08 -1.200711651192786833e-06 6.588271842798090088e-05 -2.547277805118860754e-05 1.485043594162305150e-04 -1.847801258418769880e-04 -1.065561313491327541e-03 2.169077056338787905e-04 1.680711035087363884e-03 -4.476748399941238559e-04 -4.917604196709176339e-06
1.490564421648270893e-08 -5.050885797978511144e-04 -5.314855610202127734e-06 -4.306982843605860890e-07 -1.140423921665152246e-05 6.540017104408233327e-04 -2.488671466847139097e-04 2.703353865680871958e-03 -6.132285367874529790e-03 -9.665384853098851065e-03 1.680711035087363884e-03 1.840904782115623459e-02 -4.256978476929980555e-03 -7.063440622863214001e-06
-6.736659040823393824e-09 1.311196746693775645e-04 -3.096980886172792253e-06 1.609391315858320819e-07 3.259669144077256800e-06 -1.807298187025301376e-04 6.293327743522671744e-05 -7.340437320602911627e-04 1.590658068224211005e-03 2.180207735284575392e-03 -4.476748399941238559e-04 -4.256978476929980555e-03 1.119997391486592889e-03 1.450462196062068123e-05
-2.188618669474570229e-09 -3.662597732852162195e-05 4.278107514691221772e-06 1.192196055204106119e-07 -1.897466789704068353e-06 8.789930572253784125e-05 -1.555635840000486590e-05 -3.046110638610605246e-04 -1.099315711497445935e-04 -2.121315630879983536e-05 -4.917604196709176339e-06 -7.063440622863214001e-06 1.450462196062068123e-05 1.255632631586945465e-04
