# cosmomc_theta logA ns ombh2 omch2 Alens tau a_tSZ a_kSZ a_p beta_p a_c beta_c a_s
2.264345985712370048e-12 2.273004652409776622e-09 1.948096281453617619e-09 9.453472843953553813e-12 -6.894688343551787766e-10 7.048344748529392343e-09 2.232785751695859211e-09 4.656905327111581130e-09 -5.957254403837196600e-09 -1.267533471997291794e-08 2.912617074035580732e-09 2.629570231593813134e-08 -7.562579355798030228e-09 -1.570972083956843757e-10
2.273004652409776622e-09 3.307940677688766423e-04 -1.274348850912992530e-05 1.098226577420567560e-07 5.086097252652253572e-06 -4.374472638370199276e-04 1.591997800921531514e-04 1.335888141205509173e-04 -5.438265750548474569e-05 2.497844997127443480e-04 -2.949052089066753410e-05 -3.564510754414411051e-04 6.516145533170199819e-05 -4.130598614683062263e-05
1.948096281453617619e-09 -1.274348850912992530e-05 1.416209162315238473e-05 2.358672889740363489e-08 -4.493541676565913121e-06 6.360838693848890459e-05 1.689064453655013720e-06 1.595320529987085474e-05 -1.044628064038365052e-04 -3.191809648005562228e-05 6.467665131357843221e-06 9.804164364028026613e-05 -2.606593196927216354e-05 7.392139542618466609e-06
9.453472843953553813e-12 1.098226577420567560e-07 2.358672889740363489e-08 4.456850271882609032e-09 -4.769812957488507240e-08 4.936637847120728087e-07 1.056887016339997157e-07 -7.284705989271869435e-08 -5.871204052529989666e-07 5.879899153997633097e-07 -1.003763848022387496e-07 -8.511244939911931972e-07 2.113693055751211433e-07 4.965294428029301923e-08
-6.894688343551787766e-10 5.086097252652253572e-06 -4.493541676565913121e-06 -4.769812957488507240e-08 2.106478252961382778e-06 -3.040504897257950229e-05 -5.278728070037585956e-07 -2.995474831767663654e-06 2.925946022759163791e-05 1.206909483257520238e-05 -2.124609793093168761e-06 -3.097182959692210873e-05 7.728061606051866818e-06 -2.768076001707714974e-06
7.048344748529392343e-09 -4.374472638370199276e-04 6.360838693848890459e-05 4.936637847120728087e-07 -3.040504897257950229e-05 1.003241728050665964e-03 -1.764833872552776066e-04 -2.008133298854893848e-04 -5.954450933340161905e-04 -4.657798629551494372e-04 6.665321570576931390e-05 8.386539054468975483e-04 -1.850095492247813263e-04 1.232115106982375747e-04
2.232785751695859211e-09 1.591997800921531514e-04 1.689064453655014143e-06 1.056887016339997289e-07 -5.278728070037585956e-07 -1.764833872552776066e-04 8.164683150892063437e-05 7.387682429803271277e-05 -8.217686325471637468e-05 1.042354294533969237e-04 -1.081852009539590616e-05 -1.222683255285553130e-04 1.816949385529277239e-05 -1.607147087536059008e-05
4.656905327111581130e-09 1.335888141205509173e-04 1.595320529987085474e-05 -7.284705989271869435e-08 -2.995474831767663654e-06 -2.008133298854893848e-04 7.387682429803271277e-05 2.097262317937287953e-03 -3.018359786556150479e-03 -5.867599427335312787e-04 1.827765242070053856e-04 2.561462748863074009e-03 -7.163681543422568531e-04 -2.649516017052018632e-04
-5.957254403837196600e-09 -5.438265750548474569e-05 -1.044628064038365052e-04 -5.871204052529989666e-07 2.925946022759163791e-05 -5.954450933340161905e-04 -8.217686325471637468e-05 -3.018359786556150479e-03 1.014366725732015508e-02 3.829326396135291320e-04 -2.506593711415639066e-04 -5.032035337515792899e-03 1.454301080835595453e-03 -1.401714051746548104e-04
-1.267533471997291794e-08 2.497844997127443480e-04 -3.191809648005562228e-05 5.879899153997633097e-07 1.206909483257520238e-05 -4.657798629551494372e-04 1.042354294533969237e-04 -5.867599427335312787e-04 3.829326396135291320e-04 4.830706157722400827e-03 -8.555196513030143479e-04 -7.269005171792197913e-03 1.721277609779647572e-03 3.924990121624314868e-05
2.912617074035580732e-09 -2.949052089066753410e-05 6.467665131357843221e-06 -1.003763848022387496e-07 -2.124609793093168761e-06 6.665321570576931390e-05 -1.081852009539590616e-05 1.827765242070053856e-04 -2.506593711415639066e-04 -8.555196513030143479e-04 1.841202545725651688e-04 1.381544701813057713e-03 -3.842184426335674128e-04 -1.083507199940780782e-05
2.629570231593813134e-08 -3.564510754414411051e-04 9.804164364028026613e-05 -8.511244939911931972e-07 -3.097182959692210873e-05 8.386539054468975483e-04 -1.222683255285553401e-04 2.561462748863074009e-03 -5.032035337515792899e-03 -7.269005171792197913e-03 1.381544701813057713e-03 1.405319037163344290e-02 -3.453864108299144892e-03 -1.144635723532594780e-04
-7.562579355798030228e-09 6.516145533170199819e-05 -2.606593196927216354e-05 2.113693055751211433e-07 7.728061606051866818e-06 -1.850095492247813263e-04 1.816949385529277239e-05 -7.163681543422568531e-04 1.454301080835595453e-03 1.721277609779647572e-03 -3.842184426335674128e-04 -3.453864108299144892e-03 9.576316899878702452e-04 3.154299344714880829e-05
-1.570972083956843757e-10 -4.130598614683062263e-05 7.392139542618466609e-06 4.965294428029301923e-08 -2.768076001707714974e-06 1.232115106982375747e-04 -1.607147087536059347e-05 -2.649516017052018632e-04 -1.401714051746548104e-04 3.924990121624314868e-05 -1.083507199940780782e-05 -1.144635723532594780e-04 3.154299344714880829e-05 1.078815701608835730e-04
