# cosmomc_theta logA ns ombh2 omch2 Alens tau a_tSZ a_kSZ a_p beta_p a_c beta_c a_s
1.697167123045631800e-12 -2.558227169583024222e-09 1.750989481997112124e-09 1.143940567615386198e-11 -6.862965215541654631e-10 1.083318393622670499e-08 -3.815370127311210219e-10 1.128052069449497205e-09 1.371677343943426099e-09 -2.910679415308685299e-09 6.742523991925878285e-10 6.796343804671764411e-09 -1.940851249097418523e-09 1.280048931515464913e-10
-2.558227169583024222e-09 2.139223531739854072e-04 -1.012761426421848484e-05 -8.653650337671231782e-08 3.751848319888267212e-06 -2.625722161085202724e-04 1.001290317921474496e-04 3.115797022706740877e-06 -1.676182026155017827e-05 9.032068077602468725e-06 8.463720401408093440e-08 -5.559164968589139921e-05 1.064489077900996200e-05 -2.965654829831323640e-06
1.750989481997112124e-09 -1.012761426421848484e-05 9.755066509779746717e-06 -3.771583404531396483e-08 -2.471978624280066966e-06 3.691313306217852800e-05 -4.021992750170771988e-09 -5.016036685824340836e-06 1.451572193029714798e-06 1.292403854713378082e-05 -2.332770359061509496e-06 -1.899223107849668012e-05 3.872526817990817594e-06 1.455445875045485608e-06
1.143940567615386198e-11 -8.653650337671231782e-08 -3.771583404531396483e-08 4.535683922196927067e-09 -2.697310216414157706e-08 4.667470937473676728e-07 -3.115815291055177819e-08 -2.545751732718686781e-07 1.029754148639010395e-07 4.302415337585239555e-07 -7.572105275750125727e-08 -7.560299562614159405e-07 1.916230110768169762e-07 1.840826742644193770e-08
-6.862965215541654631e-10 3.751848319888267212e-06 -2.471978624280066966e-06 -2.697310216414157706e-08 1.263094628436030773e-06 -1.896803063839706097e-05 1.417708013977949671e-07 5.088379081489384391e-07 -1.138066829543641511e-05 6.223728119066668327e-07 -2.637427925908662763e-07 1.989156234584621084e-06 4.292505676322810324e-08 3.114305030376145643e-07
1.083318393622670499e-08 -2.625722161085202724e-04 3.691313306217852800e-05 4.667470937473676728e-07 -1.896803063839706097e-05 6.736990418680974648e-04 -1.036122630524502887e-04 -9.595407257528993110e-05 -6.728476905837346375e-05 1.735116579924664206e-04 -3.233471988841385344e-05 -2.590254255988301254e-04 6.395490243072081275e-05 1.985996663150716202e-05
-3.815370127311210219e-10 1.001290317921474496e-04 -4.021992750170731456e-09 -3.115815291055177819e-08 1.417708013977949671e-07 -1.036122630524502887e-04 4.982751099595659707e-05 -6.218111633590179497e-07 4.153041693621432740e-06 6.831252101666926558e-06 -3.681301050756586888e-07 -3.553117182408406364e-05 6.826301567718937472e-06 -1.592295461384858879e-06
1.128052069449497205e-09 3.115797022706740877e-06 -5.016036685824340836e-06 -2.545751732718686781e-07 5.088379081489384391e-07 -9.595407257528993110e-05 -6.218111633590168909e-07 2.145844768885564642e-03 -3.076461980832724888e-03 -6.624664327313730967e-04 1.545551142414623594e-04 2.711981026250013475e-03 -7.172189864637415740e-04 -2.820821776074430897e-04
1.371677343943426099e-09 -1.676182026155017827e-05 1.451572193029714798e-06 1.029754148639010395e-07 -1.138066829543641511e-05 -6.728476905837346375e-05 4.153041693621431046e-06 -3.076461980832724888e-03 1.083354246015515165e-02 3.920191185592048275e-05 -7.574587812119101002e-05 -5.095333089140071693e-03 1.330781852677171339e-03 -1.433050912171456915e-04
-2.910679415308685299e-09 9.032068077602468725e-06 1.292403854713378082e-05 4.302415337585239555e-07 6.223728119066668327e-07 1.735116579924664206e-04 6.831252101666926558e-06 -6.624664327313730967e-04 3.920191185592048275e-05 5.639402880753706035e-03 -9.544492427564595831e-04 -8.502539897271078548e-03 1.983920339280501391e-03 6.081874814562712093e-05
6.742523991925878285e-10 8.463720401408093440e-08 -2.332770359061509496e-06 -7.572105275750125727e-08 -2.637427925908662763e-07 -3.233471988841385344e-05 -3.681301050756586888e-07 1.545551142414623594e-04 -7.574587812119101002e-05 -9.544492427564595831e-04 1.949598906032179110e-04 1.485679126743867304e-03 -4.085027226617717728e-04 -1.193974843371983744e-05
6.796343804671764411e-09 -5.559164968589139921e-05 -1.899223107849668012e-05 -7.560299562614159405e-07 1.989156234584621084e-06 -2.590254255988301254e-04 -3.553117182408406364e-05 2.711981026250013475e-03 -5.095333089140071693e-03 -8.502539897271078548e-03 1.485679126743867304e-03 1.612251120033646179e-02 -3.860006500757197020e-03 -1.019579425770426081e-04
-1.940851249097418523e-09 1.064489077900996200e-05 3.872526817990817594e-06 1.916230110768169762e-07 4.292505676322810324e-08 6.395490243072081275e-05 6.826301567718935778e-06 -7.172189864637415740e-04 1.330781852677171339e-03 1.983920339280501391e-03 -4.085027226617717728e-04 -3.860006500757197020e-03 1.049007548460158604e-03 2.630482210754778633e-05
1.280048931515464913e-10 -2.965654829831323640e-06 1.455445875045485608e-06 1.840826742644193770e-08 3.114305030376145643e-07 1.985996663150716202e-05 -1.592295461384858879e-06 -2.820821776074430897e-04 -1.433050912171456915e-04 6.081874814562712093e-05 -1.193974843371983744e-05 -1.019579425770426081e-04 2.630482210754778633e-05 1.240397790366131825e-04
