# cosmomc_theta logA ns ombh2 omch2 Alens tau a_tSZ a_kSZ a_p beta_p a_c beta_c a_s
1.687213377660876217e-12 -6.118438141133163618e-09 1.263453771076047472e-09 5.762032001001732462e-12 -4.376904101275134913e-10 1.353836326755185047e-08 -2.481738628346347308e-09 -7.238245984299654406e-09 3.037238335844631926e-08 5.904039723545661934e-09 -1.257215228114468446e-09 -2.562805923298218772e-08 6.733565454128787386e-09 -7.146584224034069609e-10
-6.118438141133163618e-09 1.786213532659859996e-04 -2.293573284750369988e-06 -2.020125055560667817e-07 2.609232464736950391e-06 -2.210998567196862058e-04 8.705763252584394795e-05 6.320532419873758716e-05 -3.706002327825263370e-04 1.160874780628668557e-04 -1.830492639951916556e-05 3.891444150362966984e-05 -1.911173650238608013e-05 6.410185095489347752e-06
1.263453771076047472e-09 -2.293573284750369988e-06 7.931557899476795125e-06 -4.538141001767678966e-08 -1.584463676817753753e-06 2.253768661238980239e-05 2.773911432373802199e-06 -2.871256415183566857e-05 2.360080155412747906e-05 5.547193561673020715e-05 -9.798497518702110662e-06 -1.024126533153573468e-04 2.407534247714820572e-05 5.904077167738463452e-06
5.762032001001732462e-12 -2.020125055560667817e-07 -4.538141001767678966e-08 3.954882801528458089e-09 -2.336496396253381985e-08 5.172677760309022019e-07 -9.340706775881008712e-08 -2.127465306389908374e-07 4.849984001461998270e-07 -4.737412258673158947e-07 8.383763637221460215e-08 4.479681107579160618e-07 -8.395220894670072978e-08 9.909491035089356217e-09
-4.376904101275134913e-10 2.609232464736950391e-06 -1.584463676817753753e-06 -2.336496396253381985e-08 9.325103199426051795e-07 -1.473370279884316735e-05 4.203495247920806616e-08 5.918399141804788143e-06 -1.976103192470275228e-05 6.202320319129560055e-06 -1.146323075096371698e-06 -6.656994358670700416e-07 8.780590797386893037e-09 -6.559835527351824540e-07
1.353836326755185047e-08 -2.210998567196862058e-04 2.253768661238980239e-05 5.172677760309022019e-07 -1.473370279884316735e-05 5.872137230252951834e-04 -9.159088177781237014e-05 -2.202882979485471708e-04 4.204676556296741926e-04 -3.524684811922036237e-05 7.058998903967046112e-06 -2.553200623395696653e-04 7.370965728956738715e-05 2.785311650930053474e-05
-2.481738628346347308e-09 8.705763252584394795e-05 2.773911432373801776e-06 -9.340706775881008712e-08 4.203495247920806616e-08 -9.159088177781237014e-05 4.496820197954249379e-05 2.208149998185019670e-05 -1.705400576049485384e-04 7.462115080108998821e-05 -1.135988778144424581e-05 -1.166530488769667738e-05 -3.442997815337164556e-06 5.331040256346385434e-06
-7.238245984299654406e-09 6.320532419873758716e-05 -2.871256415183566857e-05 -2.127465306389908374e-07 5.918399141804788143e-06 -2.202882979485471708e-04 2.208149998185020686e-05 2.219899250902061284e-03 -3.050051699741594766e-03 -8.823412397570129908e-04 2.096464688077800227e-04 3.235956438478759280e-03 -8.727588468087971911e-04 -2.768571004621832050e-04
3.037238335844631926e-08 -3.706002327825263370e-04 2.360080155412747906e-05 4.849984001461998270e-07 -1.976103192470275228e-05 4.204676556296741926e-04 -1.705400576049485384e-04 -3.050051699741594766e-03 1.124685153360064672e-02 1.341380101172750009e-04 -1.021256895618904054e-04 -5.843195337080856096e-03 1.545638757673795018e-03 -2.228835821149421600e-04
5.904039723545661934e-09 1.160874780628668557e-04 5.547193561673020715e-05 -4.737412258673158947e-07 6.202320319129560055e-06 -3.524684811922036237e-05 7.462115080108998821e-05 -8.823412397570129908e-04 1.341380101172750009e-04 6.585088228398047229e-03 -1.095819073245697748e-03 -1.005784368327450676e-02 2.264055502892253508e-03 1.563758883476372246e-04
-1.257215228114468446e-09 -1.830492639951916556e-05 -9.798497518702110662e-06 8.383763637221460215e-08 -1.146323075096371698e-06 7.058998903967046112e-06 -1.135988778144424750e-05 2.096464688077800227e-04 -1.021256895618904054e-04 -1.095819073245697748e-03 2.199833356954810271e-04 1.738383281045425893e-03 -4.614375886877541228e-04 -3.754701553946854090e-05
-2.562805923298218772e-08 3.891444150362966984e-05 -1.024126533153573468e-04 4.479681107579160618e-07 -6.656994358670700416e-07 -2.553200623395696653e-04 -1.166530488769668924e-05 3.235956438478759280e-03 -5.843195337080856096e-03 -1.005784368327450676e-02 1.738383281045425893e-03 1.917855508838893844e-02 -4.498386733547472816e-03 -2.490707810738425928e-04
6.733565454128787386e-09 -1.911173650238608013e-05 2.407534247714820572e-05 -8.395220894670072978e-08 8.780590797386893037e-09 7.370965728956738715e-05 -3.442997815337163286e-06 -8.727588468087971911e-04 1.545638757673795018e-03 2.264055502892253508e-03 -4.614375886877541228e-04 -4.498386733547472816e-03 1.198022155222730912e-03 7.801841970557989885e-05
-7.146584224034069609e-10 6.410185095489347752e-06 5.904077167738463452e-06 9.909491035089356217e-09 -6.559835527351824540e-07 2.785311650930053474e-05 5.331040256346385434e-06 -2.768571004621832050e-04 -2.228835821149421600e-04 1.563758883476372246e-04 -3.754701553946854090e-05 -2.490707810738425928e-04 7.801841970557989885e-05 1.218996038526705368e-04
