# cosmomc_theta logA ns ombh2 omch2 Alens tau a_tSZ a_kSZ a_p beta_p a_c beta_c a_s
1.297160297892828748e-12 -1.326561287376007244e-10 1.338702958912613277e-09 5.352247568352276323e-12 -4.149617166101142700e-10 5.351815612755066808e-09 4.950916270405206656e-10 2.222108504104267364e-09 8.317779131094443337e-09 8.592746806838803334e-09 -1.835304759595564482e-09 -1.424128014858903244e-08 4.472220919550695399e-09 -1.971545740855513541e-09
-1.326561287376007244e-10 1.089773197610212065e-04 -6.350928814585767288e-08 9.527048129421087557e-08 -1.314448021282916511e-06 -1.435606168560026800e-04 5.535329473447731289e-05 1.079617687062570602e-04 -1.901917819102601540e-04 -8.095829784970897389e-05 8.265737404237906208e-06 3.716323971719339542e-04 -8.030545307384685675e-05 -1.660020977601956032e-05
1.338702958912613277e-09 -6.350928814585767288e-08 7.369306982843856601e-06 -4.537177868698861258e-08 -1.451414757925325733e-06 1.684483874099945778e-05 3.249032054432460040e-06 -2.839932723999780435e-06 -3.172172049863756881e-05 1.996017058066783500e-05 -4.756022509124024354e-06 -1.722760287691474802e-05 7.779272318325053083e-06 2.225549828633714084e-06
5.352247568352276323e-12 9.527048129421087557e-08 -4.537177868698861258e-08 3.383989016112136343e-09 -1.526282582147287729e-08 8.650623800352544074e-08 4.856504150379979983e-08 2.558043453501997233e-07 -6.629327031170321922e-07 -4.489974259772893167e-08 -1.965917896055128016e-09 5.914170332844442732e-07 -1.175432042376866379e-07 -8.321164886301634437e-09
-4.149617166101142700e-10 -1.314448021282916511e-06 -1.451414757925325733e-06 -1.526282582147287729e-08 8.172259424459074353e-07 -8.274077077310834698e-06 -1.722364996751385659e-06 -3.127455695208572151e-06 -9.062122047258042718e-06 9.399458995415183339e-06 -1.289728788427500645e-06 -1.227584566556448839e-05 1.667249346930758727e-06 1.502464140395255595e-06
5.351815612755066808e-09 -1.435606168560026800e-04 1.684483874099945778e-05 8.650623800352544074e-08 -8.274077077310834698e-06 4.481577646623061020e-04 -5.900735063292341146e-05 -1.208345984687018033e-04 2.341749367028987834e-04 1.445053247537299160e-04 -2.890222669292428814e-05 -5.877688425222205157e-04 1.632333073080008651e-04 5.217010031614543421e-06
4.950916270405206656e-10 5.535329473447731289e-05 3.249032054432460040e-06 4.856504150379979983e-08 -1.722364996751385659e-06 -5.900735063292341146e-05 3.015062669566221688e-05 6.082232184755430570e-05 -9.827531469342689252e-05 -4.836528614721832180e-05 5.515416049143363548e-06 2.009820232542469112e-04 -4.289081355974597680e-05 -9.871757998946268335e-06
2.222108504104267364e-09 1.079617687062570602e-04 -2.839932723999780435e-06 2.558043453501997233e-07 -3.127455695208572151e-06 -1.208345984687018033e-04 6.082232184755430570e-05 1.878069903215146127e-03 -2.912672185877040153e-03 -2.109650242038708110e-04 5.096155629442033434e-05 2.197090634797902245e-03 -5.599188138452282576e-04 -2.140751036132762021e-04
8.317779131094443337e-09 -1.901917819102601540e-04 -3.172172049863756881e-05 -6.629327031170321922e-07 -9.062122047258042718e-06 2.341749367028987834e-04 -9.827531469342689252e-05 -2.912672185877040153e-03 1.404817984400115981e-02 -1.788397402361332133e-03 3.413864560909556935e-04 -4.857469297570767182e-03 1.159702174223986668e-03 -4.785116477479412628e-04
8.592746806838803334e-09 -8.095829784970897389e-05 1.996017058066783500e-05 -4.489974259772893167e-08 9.399458995415183339e-06 1.445053247537299160e-04 -4.836528614721832180e-05 -2.109650242038708110e-04 -1.788397402361332133e-03 5.589040951269941271e-03 -9.204101854756178069e-04 -7.464839349072686578e-03 1.690701484769281324e-03 1.282620136733974832e-04
-1.835304759595564482e-09 8.265737404237906208e-06 -4.756022509124024354e-06 -1.965917896055128016e-09 -1.289728788427500645e-06 -2.890222669292428814e-05 5.515416049143363548e-06 5.096155629442033434e-05 3.413864560909556935e-04 -9.204101854756178069e-04 1.944969265535227384e-04 1.240602592201453394e-03 -3.640107159245219290e-04 -2.834500479941977325e-05
-1.424128014858903244e-08 3.716323971719339542e-04 -1.722760287691474802e-05 5.914170332844442732e-07 -1.227584566556448839e-05 -5.877688425222205157e-04 2.009820232542469112e-04 2.197090634797902245e-03 -4.857469297570767182e-03 -7.464839349072686578e-03 1.240602592201453394e-03 1.492099874794772067e-02 -3.500919895284060335e-03 -2.857614935456656845e-05
4.472220919550695399e-09 -8.030545307384685675e-05 7.779272318325053083e-06 -1.175432042376866379e-07 1.667249346930758727e-06 1.632333073080008651e-04 -4.289081355974597680e-05 -5.599188138452282576e-04 1.159702174223986668e-03 1.690701484769281324e-03 -3.640107159245219290e-04 -3.500919895284060335e-03 9.947079814763848133e-04 1.377914825222871673e-05
-1.971545740855513541e-09 -1.660020977601956032e-05 2.225549828633714084e-06 -8.321164886301634437e-09 1.502464140395255595e-06 5.217010031614543421e-06 -9.871757998946268335e-06 -2.140751036132762021e-04 -4.785116477479412628e-04 1.282620136733974832e-04 -2.834500479941977325e-05 -2.857614935456656845e-05 1.377914825222871673e-05 1.240070334894031524e-04
