# cosmomc_theta logA ns ombh2 omch2 Alens tau a_tSZ a_kSZ a_p beta_p a_c beta_c a_s
1.976035007725214699e-12 -1.790076328526651612e-09 2.269705194173543389e-09 9.872862973236038657e-12 -7.814755938067834836e-10 1.125841713046261970e-08 2.483968981293633406e-10 -1.833200016456508103e-09 2.287539585724600967e-09 2.069461920226314422e-09 -6.146514500776649072e-10 -4.299848988914698135e-09 1.535445459365410141e-09 1.026092327745661266e-09
-1.790076328526651612e-09 2.032783860836237175e-04 -9.367398700728914448e-06 -4.985633148264717814e-08 3.322302777254023651e-06 -2.519053558567127169e-04 9.594945803101114867e-05 7.717498989904460774e-06 -6.733421898663988670e-05 -6.149099167043509551e-05 7.430499334824103518e-06 1.194923006291633417e-04 -2.254314348887846082e-05 5.838721407103992713e-06
2.269705194173543389e-09 -9.367398700728914448e-06 1.070705969336783904e-05 -2.115103176706870449e-08 -2.879946560045614490e-06 3.894099700542188888e-05 9.208962846440416214e-07 -1.334595912512992771e-05 4.692190964201875467e-07 1.534826506874378555e-05 -3.020461227580716246e-06 -2.505790275119128605e-05 6.205921411375228829e-06 4.629151813258101192e-06
9.872862973236038657e-12 -4.985633148264717814e-08 -2.115103176706870449e-08 3.859638818681133138e-09 -2.239879879828359988e-08 3.469174866043974726e-07 -1.176533613626270245e-08 -9.100979312306551868e-08 -6.777292940730847037e-07 4.255508320950820914e-07 -6.634474730626405682e-08 -5.782783439500448974e-07 1.197442520756151120e-07 1.004384717309552647e-07
-7.814755938067834836e-10 3.322302777254023651e-06 -2.879946560045614490e-06 -2.239879879828359988e-08 1.315264134566237555e-06 -1.748964118374608294e-05 -2.042712542934982511e-07 1.294968170221810017e-06 -4.408516556495971394e-06 -1.109071286452800862e-06 2.064190955961390263e-07 1.852357307544862913e-06 -3.912749483208081020e-07 -1.053802837697518921e-06
1.125841713046261970e-08 -2.519053558567127169e-04 3.894099700542188888e-05 3.469174866043974726e-07 -1.748964118374608294e-05 6.347842203362015403e-04 -9.967221053418141451e-05 -1.059322705112124849e-04 -1.243226495579581278e-04 1.825845865061894390e-04 -3.118477934469558814e-05 -3.006779379549670127e-04 7.088140826682883325e-05 2.427579419519304300e-05
2.483968981293633406e-10 9.594945803101114867e-05 9.208962846440416214e-07 -1.176533613626270245e-08 -2.042712542934982511e-07 -9.967221053418141451e-05 4.849986148765838873e-05 -2.485651427282891602e-07 -3.355996757257249371e-05 -2.797038687383621467e-05 3.109414859707256039e-06 5.640459701849861388e-05 -1.052379026990395367e-05 5.104123756249923173e-06
-1.833200016456508103e-09 7.717498989904460774e-06 -1.334595912512992771e-05 -9.100979312306551868e-08 1.294968170221810017e-06 -1.059322705112124849e-04 -2.485651427282897955e-07 2.103324354767472943e-03 -2.892434441915930649e-03 -4.879934080452692736e-04 1.052605855744498018e-04 2.400006715227281581e-03 -5.977180448684510893e-04 -2.847631628763943354e-04
2.287539585724600967e-09 -6.733421898663988670e-05 4.692190964201875467e-07 -6.777292940730847037e-07 -4.408516556495971394e-06 -1.243226495579581278e-04 -3.355996757257249371e-05 -2.892434441915930649e-03 9.912230461515191687e-03 3.228615723695127046e-04 -1.123149556113661702e-04 -4.951256963195586024e-03 1.263239449321695287e-03 -1.222842342607347358e-04
2.069461920226314422e-09 -6.149099167043509551e-05 1.534826506874378555e-05 4.255508320950820914e-07 -1.109071286452800862e-06 1.825845865061894390e-04 -2.797038687383621467e-05 -4.879934080452692736e-04 3.228615723695127046e-04 5.651616778892133014e-03 -9.479754119930337538e-04 -8.673046829289420348e-03 1.995204210228917596e-03 8.734146820693335385e-06
-6.146514500776649072e-10 7.430499334824103518e-06 -3.020461227580716246e-06 -6.634474730626405682e-08 2.064190955961390263e-07 -3.118477934469558814e-05 3.109414859707256039e-06 1.052605855744498018e-04 -1.123149556113661702e-04 -9.479754119930337538e-04 1.932288832757646636e-04 1.478489464566304411e-03 -4.043365693415232397e-04 2.547490884678139164e-07
-4.299848988914698135e-09 1.194923006291633417e-04 -2.505790275119128605e-05 -5.782783439500448974e-07 1.852357307544862913e-06 -3.006779379549670127e-04 5.640459701849859356e-05 2.400006715227281581e-03 -4.951256963195586024e-03 -8.673046829289420348e-03 1.478489464566304411e-03 1.632532613088366613e-02 -3.797985845906593719e-03 -6.018353633401352006e-05
1.535445459365410141e-09 -2.254314348887846082e-05 6.205921411375228829e-06 1.197442520756151120e-07 -3.912749483208081020e-07 7.088140826682883325e-05 -1.052379026990395367e-05 -5.977180448684510893e-04 1.263239449321695287e-03 1.995204210228917596e-03 -4.043365693415232397e-04 -3.797985845906593719e-03 1.016823887795505763e-03 1.058399090844947323e-05
1.026092327745661266e-09 5.838721407103992713e-06 4.629151813258101192e-06 1.004384717309552647e-07 -1.053802837697518921e-06 2.427579419519304300e-05 5.104123756249921479e-06 -2.847631628763943354e-04 -1.222842342607347358e-04 8.734146820693335385e-06 2.547490884678139164e-07 -6.018353633401352006e-05 1.058399090844947323e-05 1.213948584069509729e-04
