# cosmomc_theta logA ns ombh2 omch2 Alens tau a_tSZ a_kSZ a_p beta_p a_c beta_c a_s
2.254389813732229252e-12 -9.056513647950569572e-10 2.133242100332775396e-09 9.218262334317720344e-12 -7.269517955566890270e-10 1.504509167881968424e-08 5.112304457068011408e-10 -1.205651276710863556e-08 3.217743187548471707e-08 2.965232244324730857e-08 -3.219167371775593880e-09 -6.154390350521893302e-08 1.231059854165183726e-08 1.727756941550413888e-10
-9.056513647950569572e-10 2.320730676188547824e-04 -7.253651335965669094e-07 -2.507841776939700018e-07 -4.067962716193992241e-08 -1.946398773664411678e-04 1.140845651394102183e-04 -9.611399124668439055e-05 -2.959468085560242197e-04 -6.287865396053434201e-05 1.108926386028155846e-05 2.103472774492628615e-04 -6.069957695199368380e-05 3.635069578750735835e-05
2.133242100332775396e-09 -7.253651335965669094e-07 9.055729170267200044e-06 -4.312903992140868470e-08 -2.046582793353577989e-06 2.452107614123572282e-05 3.978725436932075122e-06 -1.739475576776055177e-05 3.339247473029743950e-05 5.740922876795697598e-05 -4.236756057748146912e-06 -1.059054712779421370e-04 1.639782882129716646e-05 3.203603882666382518e-08
9.218262334317720344e-12 -2.507841776939700018e-07 -4.312903992140868470e-08 4.348296455832600708e-09 -2.154701683727128904e-08 4.951767206602793127e-07 -1.193728258559700647e-07 -3.834443767783881694e-07 5.931473029341446158e-07 6.517472284317062757e-07 -1.370481541122828730e-07 -1.131575789274700246e-06 3.378597363262707164e-07 5.788478140613125294e-08
-7.269517955566890270e-10 -4.067962716193992241e-08 -2.046582793353577989e-06 -2.154701683727128904e-08 1.017153916809585928e-06 -1.318016936431188417e-05 -1.332635375353961363e-06 6.933727033521122953e-06 -2.169214011572904565e-05 -1.821438910988720669e-05 1.710889198513962855e-06 3.647788308556419734e-05 -6.541071844525228904e-06 1.598694708359078557e-07
1.504509167881968424e-08 -1.946398773664411678e-04 2.452107614123572282e-05 4.951767206602793127e-07 -1.318016936431188417e-05 5.082642434343965804e-04 -7.916411946179981683e-05 -6.957050669105022795e-05 2.800640216466579978e-04 5.748824317533421466e-04 -7.735133606479080816e-05 -1.012869293048823931e-03 2.214792147331475620e-04 -9.033872585864984747e-07
5.112304457068011408e-10 1.140845651394102183e-04 3.978725436932075122e-06 -1.193728258559700647e-07 -1.332635375353961363e-06 -7.916411946179981683e-05 5.857111921255472322e-05 -5.793859941223367474e-05 -1.219796984891075286e-04 -9.571496674081133657e-07 2.830981538433502810e-06 4.828675005452165051e-05 -2.067057575901145165e-05 1.835781981049775752e-05
-1.205651276710863556e-08 -9.611399124668439055e-05 -1.739475576776055177e-05 -3.834443767783881694e-07 6.933727033521122953e-06 -6.957050669105022795e-05 -5.793859941223367474e-05 1.301731062216121343e-03 -1.288484968836849185e-03 -3.230029926300822109e-04 2.021690633729220852e-05 1.329895398465679064e-03 -2.585047954990120442e-04 -2.467500143404570520e-04
3.217743187548471707e-08 -2.959468085560242197e-04 3.339247473029743950e-05 5.931473029341446158e-07 -2.169214011572904565e-05 2.800640216466579978e-04 -1.219796984891075286e-04 -1.288484968836849185e-03 7.796135536431571082e-03 -1.161032554366200507e-03 2.179122135410067190e-04 -1.932062429869337624e-03 4.463286682629847299e-04 -2.884871548760063113e-04
2.965232244324730857e-08 -6.287865396053434201e-05 5.740922876795697598e-05 6.517472284317062757e-07 -1.821438910988720669e-05 5.748824317533421466e-04 -9.571496674081133657e-07 -3.230029926300822109e-04 -1.161032554366200507e-03 5.056687068671050431e-03 -7.819462459855797219e-04 -7.013104503492502938e-03 1.619855046312742826e-03 1.117537312068980212e-04
-3.219167371775593880e-09 1.108926386028155846e-05 -4.236756057748146912e-06 -1.370481541122828730e-07 1.710889198513962855e-06 -7.735133606479080816e-05 2.830981538433503657e-06 2.021690633729220852e-05 2.179122135410067190e-04 -7.819462459855797219e-04 1.539818663508658587e-04 1.047691781754458594e-03 -3.003875783170995538e-04 -8.229066833961144360e-06
-6.154390350521893302e-08 2.103472774492628615e-04 -1.059054712779421370e-04 -1.131575789274700246e-06 3.647788308556419734e-05 -1.012869293048823931e-03 4.828675005452165051e-05 1.329895398465679064e-03 -1.932062429869337624e-03 -7.013104503492502938e-03 1.047691781754458594e-03 1.226760770107458362e-02 -2.798033175030593435e-03 -1.227801303281448285e-04
1.231059854165183726e-08 -6.069957695199368380e-05 1.639782882129716646e-05 3.378597363262707164e-07 -6.541071844525228904e-06 2.214792147331475620e-04 -2.067057575901145165e-05 -2.585047954990120442e-04 4.463286682629847299e-04 1.619855046312742826e-03 -3.003875783170995538e-04 -2.798033175030593435e-03 7.508643765776299318e-04 9.375102093285530680e-06
1.727756941550413888e-10 3.635069578750735835e-05 3.203603882666382518e-08 5.788478140613125294e-08 1.598694708359078557e-07 -9.033872585864984747e-07 1.835781981049775752e-05 -2.467500143404570520e-04 -2.884871548760063113e-04 1.117537312068980212e-04 -8.229066833961144360e-06 -1.227801303281448285e-04 9.375102093285530680e-06 1.244049933675110751e-04
