# cosmomc_theta logA ns ombh2 omch2 Alens tau a_tSZ a_kSZ a_p beta_p a_c beta_c a_s
2.113763776425667021e-12 -2.265507681084420519e-09 2.373936464926080291e-09 1.269687507653351076e-11 -8.621697939394952579e-10 1.469018181477345524e-08 7.924729438046201957e-11 8.392071091978182996e-11 1.057970772246314559e-08 -1.514073490225507592e-09 -3.028283463486990772e-11 -3.612921859515186944e-09 1.167963750457298244e-09 -6.208603002432831828e-10
-2.265507681084420519e-09 2.109308305492831992e-04 -9.963990803191030926e-06 1.897431827027875101e-08 3.408143970699830558e-06 -2.580404161884891244e-04 9.989069179370578338e-05 -2.302250383993555325e-05 -1.353696402043391516e-04 6.170297204514977872e-07 -7.286474528800548162e-08 2.102759909003159173e-05 -8.215255141594128121e-06 1.199440909972826788e-05
2.373936464926080291e-09 -9.963990803191030926e-06 1.097690734911329168e-05 -1.913890371392474612e-08 -3.016414582213021792e-06 4.431222640835304921e-05 8.153752653150155920e-07 3.948759611358779779e-06 5.471406662279695001e-06 2.792024311793444544e-05 -4.782427143345226108e-06 -4.486536783642857128e-05 1.098063192618685243e-05 -6.730831279845582258e-07
1.269687507653351076e-11 1.897431827027875101e-08 -1.913890371392474612e-08 3.882710346898181305e-09 -2.641298634233458124e-08 4.034223880532459491e-07 2.561201707792523793e-08 -3.364885054382481177e-07 -2.140294086188805611e-07 5.723471226762337850e-07 -1.037784803202946419e-07 -9.449341857590989288e-07 2.500565537262473131e-07 8.164809297135708870e-08
-8.621697939394952579e-10 3.408143970699830558e-06 -3.016414582213021792e-06 -2.641298634233458124e-08 1.458013968971136521e-06 -2.248183857765126173e-05 -3.206099891347483009e-07 -1.293494510978996841e-06 -1.047735629837982601e-05 -6.238565661543432332e-06 8.546503121217998571e-07 1.268435732354318141e-05 -2.724377374430300358e-06 5.635199862435651264e-07
1.469018181477345524e-08 -2.580404161884891244e-04 4.431222640835304921e-05 4.034223880532459491e-07 -2.248183857765126173e-05 7.559717109052795526e-04 -9.788632473945522007e-05 -7.373825491570755214e-05 2.731581078672785478e-05 2.268373151434796683e-04 -3.870141539199948509e-05 -4.444308520589014067e-04 1.159815716374694287e-04 1.154448236815707014e-05
7.924729438046194202e-11 9.989069179370578338e-05 8.153752653150155920e-07 2.561201707792523793e-08 -3.206099891347482479e-07 -9.788632473945522007e-05 5.071680781077415136e-05 -8.158288164164041631e-06 -5.843314499476726532e-05 1.201935300589728927e-05 -1.951659057891463546e-06 -1.088535196298865941e-05 9.922664945018172760e-07 4.951891344482594393e-06
8.392071091978182996e-11 -2.302250383993555325e-05 3.948759611358779779e-06 -3.364885054382481177e-07 -1.293494510978996841e-06 -7.373825491570755214e-05 -8.158288164164039937e-06 2.175430984573979536e-03 -2.900546518392172011e-03 -2.394935127511628643e-04 6.480939242622074626e-05 2.111071652045267560e-03 -5.799324454894272656e-04 -3.000511639431192434e-04
1.057970772246314559e-08 -1.353696402043391516e-04 5.471406662279695001e-06 -2.140294086188805611e-07 -1.047735629837982601e-05 2.731581078672785478e-05 -5.843314499476726532e-05 -2.900546518392172011e-03 1.038747073652235113e-02 -1.066799485952971659e-03 1.682532649995437286e-04 -3.307504714684709590e-03 8.282942386821369159e-04 -1.521704751139077449e-04
-1.514073490225507592e-09 6.170297204514977872e-07 2.792024311793444544e-05 5.723471226762337850e-07 -6.238565661543432332e-06 2.268373151434796683e-04 1.201935300589728927e-05 -2.394935127511628643e-04 -1.066799485952971659e-03 5.767306164200841113e-03 -9.345103644950436810e-04 -7.843159103690868980e-03 1.899264207296828691e-03 3.454922973567308911e-05
-3.028283463486990772e-11 -7.286474528800548162e-08 -4.782427143345226108e-06 -1.037784803202946419e-07 8.546503121217998571e-07 -3.870141539199948509e-05 -1.951659057891463969e-06 6.480939242622074626e-05 1.682532649995437286e-04 -9.345103644950436810e-04 1.868719102697733695e-04 1.257876282374379090e-03 -3.697240595439831739e-04 -9.812395828544868308e-06
-3.612921859515186944e-09 2.102759909003159173e-05 -4.486536783642857128e-05 -9.449341857590989288e-07 1.268435732354318141e-05 -4.444308520589014067e-04 -1.088535196298865941e-05 2.111071652045267560e-03 -3.307504714684709590e-03 -7.843159103690868980e-03 1.257876282374379090e-03 1.392056530486966009e-02 -3.367941570585835688e-03 -9.160082477901181520e-05
1.167963750457298244e-09 -8.215255141594128121e-06 1.098063192618685243e-05 2.500565537262473131e-07 -2.724377374430300358e-06 1.159815716374694287e-04 9.922664945018168525e-07 -5.799324454894272656e-04 8.282942386821369159e-04 1.899264207296828691e-03 -3.697240595439831739e-04 -3.367941570585835688e-03 9.472263755640566475e-04 3.454049007920859712e-05
-6.208603002432831828e-10 1.199440909972826788e-05 -6.730831279845582258e-07 8.164809297135708870e-08 5.635199862435651264e-07 1.154448236815707014e-05 4.951891344482594393e-06 -3.000511639431192434e-04 -1.521704751139077449e-04 3.454922973567308911e-05 -9.812395828544868308e-06 -9.160082477901181520e-05 3.454049007920859712e-05 1.280435915280986325e-04
