# cosmomc_theta logA ns ombh2 omch2 Alens tau a_tSZ a_kSZ a_p beta_p a_c beta_c a_s
1.825594885283262277e-12 -1.920050931631102570e-09 1.852348998703897740e-09 3.987170202782800752e-12 -5.581148280433898309e-10 9.020750798688093352e-09 -1.468675343805650854e-10 -3.378475447287420411e-10 4.740788641886440668e-09 4.844712617694302285e-10 1.485776093364688473e-10 2.006082289516496626e-10 -1.679282432729892047e-10 -9.710835783557755833e-11
-1.920050931631102570e-09 2.101007076554140148e-04 -8.649573630017670385e-06 4.986006845747689609e-08 2.395847008304560704e-06 -2.436051151341050861e-04 1.008963964159080519e-04 1.096713671651594829e-05 -1.024218131369034328e-04 -3.564436882736112162e-05 5.322774467540049057e-07 8.146100624170701918e-05 -9.492514089100714686e-06 -5.491700677982599613e-07
1.852348998703897740e-09 -8.649573630017670385e-06 9.973227347945334365e-06 -2.933015691675083487e-08 -2.502118006626933587e-06 3.599458861602885786e-05 6.996468222123695375e-07 -1.252970321820250535e-05 2.021427449594375317e-05 2.367740553636969372e-05 -3.543998902124389658e-06 -4.109718125742349554e-05 8.879830300896561818e-06 1.689360676523994008e-06
3.987170202782800752e-12 4.986006845747689609e-08 -2.933015691675083487e-08 3.808002566227679786e-09 -1.969438167720908146e-08 2.291530971200894941e-07 3.373491608137818452e-08 -3.741410105614170884e-07 -3.636455705745720690e-07 5.763772423781138445e-07 -1.069703104791195913e-07 -9.321086828713322943e-07 2.262633848806377974e-07 1.240854523398644138e-07
-5.581148280433898309e-10 2.395847008304560704e-06 -2.502118006626933587e-06 -1.969438167720908146e-08 1.181759463946875976e-06 -1.673841469602729867e-05 -4.341730513721338991e-07 3.053070352691012934e-06 -8.960863714405717265e-06 -2.257751423027961700e-06 3.554102443966591393e-07 3.661003760617458915e-06 -8.562954241641078510e-07 -5.126353467907896108e-07
9.020750798688093352e-09 -2.436051151341050861e-04 3.599458861602885786e-05 2.291530971200894941e-07 -1.673841469602729867e-05 6.347252028388396293e-04 -9.768217234036969483e-05 -6.001174711059644340e-05 -1.048722766953962584e-04 2.349020048020253359e-04 -3.091880602044562969e-05 -3.406758550913029137e-04 6.207697264166007730e-05 1.899200684323390642e-05
-1.468675343805651371e-10 1.008963964159080519e-04 6.996468222123695375e-07 3.373491608137818452e-08 -4.341730513721338991e-07 -9.768217234036969483e-05 5.136867492109286357e-05 5.995541942620982639e-07 -4.001759785513680248e-05 -9.043685070844639830e-06 -1.046475546867373888e-06 2.518918009115315038e-05 -1.468994365916983925e-06 5.928827733664872801e-07
-3.378475447287420411e-10 1.096713671651594829e-05 -1.252970321820250535e-05 -3.741410105614170884e-07 3.053070352691012934e-06 -6.001174711059644340e-05 5.995541942620982639e-07 2.106551306487770402e-03 -3.365439806584205693e-03 -4.129960311448768804e-04 1.139663109354706485e-04 2.561815895312513202e-03 -6.719531877262897900e-04 -2.506658915154863390e-04
4.740788641886440668e-09 -1.024218131369034328e-04 2.021427449594375317e-05 -3.636455705745720690e-07 -8.960863714405717265e-06 -1.048722766953962584e-04 -4.001759785513680248e-05 -3.365439806584205693e-03 1.135770562936621632e-02 -5.323006700327353319e-04 1.044247115345543039e-05 -4.748973214627002885e-03 1.231440732404790340e-03 -1.130053760599813116e-04
4.844712617694302285e-10 -3.564436882736112162e-05 2.367740553636969372e-05 5.763772423781138445e-07 -2.257751423027961700e-06 2.349020048020253359e-04 -9.043685070844639830e-06 -4.129960311448768804e-04 -5.323006700327353319e-04 5.579775611094026436e-03 -9.297545698413456350e-04 -8.300904232142145359e-03 1.853442272415240606e-03 4.245078353161873202e-05
1.485776093364688473e-10 5.322774467540049057e-07 -3.543998902124389658e-06 -1.069703104791195913e-07 3.554102443966591393e-07 -3.091880602044562969e-05 -1.046475546867373888e-06 1.139663109354706485e-04 1.044247115345544055e-05 -9.297545698413456350e-04 1.923395055953277058e-04 1.409758245002296767e-03 -3.822218207497749725e-04 -8.387301073448259276e-06
2.006082289516496626e-10 8.146100624170701918e-05 -4.109718125742349554e-05 -9.321086828713322943e-07 3.661003760617458915e-06 -3.406758550913029137e-04 2.518918009115315377e-05 2.561815895312513202e-03 -4.748973214627002885e-03 -8.300904232142145359e-03 1.409758245002296767e-03 1.602505072591824467e-02 -3.645631029122875424e-03 -1.080227043070142704e-04
-1.679282432729892047e-10 -9.492514089100714686e-06 8.879830300896561818e-06 2.262633848806377974e-07 -8.562954241641078510e-07 6.207697264166007730e-05 -1.468994365916983925e-06 -6.719531877262897900e-04 1.231440732404790340e-03 1.853442272415240606e-03 -3.822218207497749725e-04 -3.645631029122875424e-03 9.636731794037605792e-04 3.031466595373986814e-05
-9.710835783557755833e-11 -5.491700677982599613e-07 1.689360676523994008e-06 1.240854523398644138e-07 -5.126353467907896108e-07 1.899200684323390642e-05 5.928827733664872801e-07 -2.506658915154863390e-04 -1.130053760599813116e-04 4.245078353161873202e-05 -8.387301073448259276e-06 -1.080227043070142704e-04 3.031466595373986814e-05 1.129952517363007211e-04
