# cosmomc_theta logA ns ombh2 omch2 Alens tau a_tSZ a_kSZ a_p beta_p a_c beta_c a_s
2.429876292056294607e-12 2.262187993648863215e-09 2.473229224915802020e-09 1.645819630416365539e-11 -1.018703799694335442e-09 1.311167006415047791e-08 2.424273728666942416e-09 -2.390799694071735064e-09 7.669892480494196737e-09 -7.127666366925665191e-09 8.780270342415631034e-10 8.663882597432563387e-09 -1.631961182828735495e-09 1.252846555789073155e-09
2.262187993648863215e-09 1.616430567035100757e-04 -1.223625748292273036e-05 -8.014648239073026008e-08 4.540212997023959797e-06 -2.578368038098405768e-04 7.203097913832486239e-05 7.618075399080931473e-05 8.527122758681793580e-06 -1.599083222549074930e-04 2.331144513044144576e-05 2.384833593881251082e-04 -4.694955332620005193e-05 -2.859544439383047032e-05
2.473229224915802020e-09 -1.223625748292273036e-05 1.118852761683275019e-05 -1.394291035719082489e-08 -3.229289684114988110e-06 5.832543279467925347e-05 -3.905401131807157247e-09 -2.053348699247559315e-05 4.160137916395236174e-05 9.218555743345481233e-06 -3.122554210006022501e-06 -3.157959162603884653e-05 9.891300363334202994e-06 9.116761209020736534e-07
1.645819630416365539e-11 -8.014648239073026008e-08 -1.394291035719082489e-08 5.883897803934685217e-09 -3.621821712210605960e-08 5.736469161676775185e-07 -1.274556986670517698e-08 -4.615560655086352692e-07 -1.032923138426936967e-06 4.310057669293366371e-07 -1.553978300910467030e-08 -2.954716654623043253e-07 -3.090023074347545280e-08 1.910507733289715875e-07
-1.018703799694335442e-09 4.540212997023959797e-06 -3.229289684114988110e-06 -3.621821712210605960e-08 1.561324487046935980e-06 -2.653068697130456786e-05 6.480228751542588363e-08 3.375584472999576300e-06 -1.457699045409320649e-05 -3.805985455706129791e-06 3.698999230246273594e-07 1.332818639173654005e-05 -2.676907655085344998e-06 -1.182288944967233528e-07
1.311167006415047791e-08 -2.578368038098405768e-04 5.832543279467925347e-05 5.736469161676775185e-07 -2.653068697130456786e-05 8.530228344147806983e-04 -8.735230123412619828e-05 -2.049728087407645043e-04 5.125078430941799504e-05 3.899102729667516722e-04 -5.618706882538858756e-05 -6.802937712493648285e-04 1.383930511987169253e-04 3.418989377407572632e-05
2.424273728666942830e-09 7.203097913832487594e-05 -3.905401131807201088e-09 -1.274556986670516705e-08 6.480228751542588363e-08 -8.735230123412619828e-05 3.549399398929115176e-05 2.553815863545640306e-05 3.372791172309117262e-05 -7.397088875944272100e-05 1.043168982995283484e-05 9.537667792429336503e-05 -1.757536571305734491e-05 -1.390742896553933125e-05
-2.390799694071735064e-09 7.618075399080931473e-05 -2.053348699247559315e-05 -4.615560655086352692e-07 3.375584472999576300e-06 -2.049728087407645043e-04 2.553815863545640306e-05 2.733942926035749441e-03 -3.996524755982465427e-03 -5.732273630264694326e-05 7.495320603369604365e-05 2.417227515986407338e-03 -6.506943688842307255e-04 -3.295226848781874270e-04
7.669892480494196737e-09 8.527122758681793580e-06 4.160137916395236174e-05 -1.032923138426936967e-06 -1.457699045409320649e-05 5.125078430941799504e-05 3.372791172309117262e-05 -3.996524755982465427e-03 1.120446909627853711e-02 -3.835433768506697804e-04 -5.738465594110939665e-05 -5.450605332162088493e-03 1.449886491893405838e-03 9.323279936029280632e-05
-7.127666366925665191e-09 -1.599083222549074930e-04 9.218555743345481233e-06 4.310057669293366371e-07 -3.805985455706129791e-06 3.899102729667516722e-04 -7.397088875944272100e-05 -5.732273630264694326e-05 -3.835433768506697804e-04 5.848421744558591345e-03 -1.038547347986670420e-03 -8.437127565047138414e-03 2.038822949426780280e-03 -8.654375418814273856e-05
8.780270342415631034e-10 2.331144513044144576e-05 -3.122554210006022501e-06 -1.553978300910467030e-08 3.698999230246273594e-07 -5.618706882538858756e-05 1.043168982995283484e-05 7.495320603369604365e-05 -5.738465594110939665e-05 -1.038547347986670420e-03 2.207594529468474333e-04 1.560769316241026033e-03 -4.433057920082444816e-04 9.847922478519409700e-06
8.663882597432563387e-09 2.384833593881251082e-04 -3.157959162603884653e-05 -2.954716654623043253e-07 1.332818639173654005e-05 -6.802937712493648285e-04 9.537667792429336503e-05 2.417227515986407338e-03 -5.450605332162088493e-03 -8.437127565047138414e-03 1.560769316241026033e-03 1.637322029606573526e-02 -4.006396777229052561e-03 4.353988677580374582e-05
-1.631961182828735495e-09 -4.694955332620005193e-05 9.891300363334202994e-06 -3.090023074347545280e-08 -2.676907655085344998e-06 1.383930511987169253e-04 -1.757536571305734491e-05 -6.506943688842307255e-04 1.449886491893405838e-03 2.038822949426780280e-03 -4.433057920082444816e-04 -4.006396777229052561e-03 1.112417969953981376e-03 -5.418555705743051851e-06
1.252846555789073155e-09 -2.859544439383047032e-05 9.116761209020736534e-07 1.910507733289715875e-07 -1.182288944967233528e-07 3.418989377407572632e-05 -1.390742896553933125e-05 -3.295226848781874270e-04 9.323279936029280632e-05 -8.654375418814273856e-05 9.847922478519409700e-06 4.353988677580374582e-05 -5.418555705743051851e-06 1.005763479512199139e-04
