# cosmomc_theta logA ns ombh2 omch2 Alens tau a_tSZ a_kSZ a_p beta_p a_c beta_c a_s
2.632710468766107066e-12 3.053529856713822872e-09 2.945781650271418891e-09 1.422097733940274273e-11 -1.015291784088003499e-09 1.197546800516826416e-08 3.006758593477969592e-09 5.736246031061429697e-10 -2.045766598876973579e-08 3.013787715499933122e-09 -1.836731916493238720e-09 3.647855614416224999e-09 1.958250390121987443e-09 2.326852593000161171e-09
3.053529856713822872e-09 2.630308315554908956e-04 3.311599564112123751e-07 9.886331924768156158e-08 -3.713241391303650392e-07 -2.328932890181666527e-04 1.312552212832682826e-04 9.207219715079116438e-06 -4.121557768250276848e-04 2.645660061518330993e-04 -5.350268239119966893e-05 -2.511413599381357472e-04 8.234541606452231105e-05 1.213312640179595377e-05
2.945781650271418891e-09 3.311599564112123751e-07 1.080420153133361365e-05 -1.472671052402104092e-08 -2.951626574509088276e-06 3.702231895818463111e-05 5.523147857933543774e-06 -5.083338128497204620e-05 2.939021005379285946e-05 4.915687787155779758e-05 -1.313080374722512851e-05 -1.016716531131693640e-04 3.463000428528290883e-05 1.128593641071764650e-05
1.422097733940274273e-11 9.886331924768156158e-08 -1.472671052402104092e-08 3.395487347503919026e-09 -2.274202408101471816e-08 1.346154644202065141e-07 6.281462060611231397e-08 -4.004307302821345457e-07 2.819949720953682296e-08 1.171156162140709656e-06 -1.923124783486900284e-07 -1.615730194401312450e-06 3.685927762708854828e-07 9.415459564838935960e-08
-1.015291784088003499e-09 -3.713241391303650392e-07 -2.951626574509088276e-06 -2.274202408101471816e-08 1.278588215465106903e-06 -1.652692839288032111e-05 -1.985729819681832048e-06 1.438377891925862087e-05 -1.150264494383500071e-05 -1.316715810398498334e-05 2.997349764122614557e-06 2.759837185125143619e-05 -8.430139126295506740e-06 -3.306905150977508518e-06
1.197546800516826416e-08 -2.328932890181666527e-04 3.702231895818463111e-05 1.346154644202065141e-07 -1.652692839288032111e-05 6.287164831057019026e-04 -9.124349722125540052e-05 -1.624818111027027891e-04 1.541837131753172883e-04 4.235552112466086993e-05 5.349061685112640969e-06 -2.251308989047525345e-04 3.166670413977359970e-05 3.592340320581396680e-05
3.006758593477969592e-09 1.312552212832682826e-04 5.523147857933543774e-06 6.281462060611231397e-08 -1.985729819681832048e-06 -9.124349722125540052e-05 6.862121929545829033e-05 -1.930268186080033149e-05 -1.833468439191620941e-04 1.485736950282471561e-04 -3.112271518846012843e-05 -1.652400926842128269e-04 5.439075359451172334e-05 1.126363344379475102e-05
5.736246031061429697e-10 9.207219715079116438e-06 -5.083338128497204620e-05 -4.004307302821345457e-07 1.438377891925862087e-05 -1.624818111027027891e-04 -1.930268186080033149e-05 1.828085360870297530e-03 -2.106027717015114282e-03 -1.019388494118272752e-03 2.441769622366238507e-04 2.927611094916360030e-03 -8.453466061782494894e-04 -2.787502892593755931e-04
-2.045766598876973579e-08 -4.121557768250276848e-04 2.939021005379285946e-05 2.819949720953682296e-08 -1.150264494383500071e-05 1.541837131753172883e-04 -1.833468439191620941e-04 -2.106027717015114282e-03 7.325100499991750447e-03 -9.070646211076062795e-04 7.172917668085934564e-05 -2.163883487309452899e-03 6.918989675785531222e-04 -3.648622580049523407e-05
3.013787715499933122e-09 2.645660061518330993e-04 4.915687787155779758e-05 1.171156162140709656e-06 -1.316715810398498334e-05 4.235552112466086993e-05 1.485736950282471561e-04 -1.019388494118272752e-03 -9.070646211076062795e-04 6.236509274264787420e-03 -1.148470236055107712e-03 -9.018572986391503940e-03 2.315240643408162779e-03 1.851078821316645912e-04
-1.836731916493238720e-09 -5.350268239119966893e-05 -1.313080374722512851e-05 -1.923124783486900284e-07 2.997349764122614557e-06 5.349061685112640969e-06 -3.112271518846012843e-05 2.441769622366238507e-04 7.172917668085934564e-05 -1.148470236055107712e-03 2.442372864377855587e-04 1.715682022697484791e-03 -4.981442217825438881e-04 -3.491611950266963711e-05
3.647855614416224999e-09 -2.511413599381357472e-04 -1.016716531131693640e-04 -1.615730194401312450e-06 2.759837185125143619e-05 -2.251308989047525345e-04 -1.652400926842128269e-04 2.927611094916360030e-03 -2.163883487309452899e-03 -9.018572986391503940e-03 1.715682022697484791e-03 1.562374071297259297e-02 -4.076336825429301147e-03 -3.656371922327710249e-04
1.958250390121987443e-09 8.234541606452231105e-05 3.463000428528290883e-05 3.685927762708854828e-07 -8.430139126295506740e-06 3.166670413977359970e-05 5.439075359451172334e-05 -8.453466061782494894e-04 6.918989675785531222e-04 2.315240643408162779e-03 -4.981442217825438881e-04 -4.076336825429301147e-03 1.176056525024600377e-03 9.540779203858570803e-05
2.326852593000161171e-09 1.213312640179595377e-05 1.128593641071764650e-05 9.415459564838935960e-08 -3.306905150977508518e-06 3.592340320581396680e-05 1.126363344379475102e-05 -2.787502892593755931e-04 -3.648622580049523407e-05 1.851078821316645912e-04 -3.491611950266963711e-05 -3.656371922327710249e-04 9.540779203858570803e-05 1.062803233500824059e-04
