# cosmomc_theta logA ns ombh2 omch2 Alens tau a_tSZ a_kSZ a_p beta_p a_c beta_c a_s
1.876708708551303956e-12 -2.534850911685329120e-09 1.981985916521894245e-09 1.375896820809354230e-11 -7.274781197457315606e-10 1.414328746037188647e-08 -2.612637711313407944e-10 -4.632772069856569712e-10 3.614984221105769709e-09 -3.004573044210917998e-09 1.952125794623065006e-10 5.313208527802767547e-09 -5.673370814644123775e-10 1.983451458900790911e-10
-2.534850911685329120e-09 2.141776259448850011e-04 -1.182855711321041854e-05 -2.888938941397775410e-08 4.180081866028900002e-06 -2.769946310952169631e-04 1.001328372081346696e-04 -1.270138965408698352e-05 -2.894331705666794517e-05 -1.512094075056298654e-05 -4.214510300330400911e-07 1.419518873263994805e-05 2.056163337340960611e-06 -5.514108541168167198e-06
1.981985916521894245e-09 -1.182855711321041854e-05 1.087754038928830070e-05 -3.625082099965943056e-08 -2.771970131920420369e-06 4.553009713566380360e-05 -3.356154053321284392e-07 1.475325836017675883e-06 -3.183844987205212940e-06 1.488016287964032216e-05 -3.756138089488459674e-06 -1.364344029541655201e-05 5.917070089258495698e-06 3.839247643657085224e-07
1.375896820809354230e-11 -2.888938941397775410e-08 -3.625082099965943056e-08 4.474944890935331504e-09 -2.190881765790955738e-08 4.002543991312455020e-07 -4.541440730654119673e-09 -5.562928460339937228e-07 -8.920919955674468005e-08 8.338038167316469831e-07 -1.384898892794621484e-07 -1.490399306438310515e-06 3.587277257751420213e-07 1.442866661689849056e-07
-7.274781197457315606e-10 4.180081866028900002e-06 -2.771970131920420369e-06 -2.190881765790955738e-08 1.287714250812439903e-06 -2.188668628981087623e-05 2.733960472034010460e-07 1.192505218044996819e-06 -8.284483778195091453e-06 -5.368897482388378514e-06 1.184644236929988402e-06 9.528849806354018878e-06 -2.938148738661436868e-06 -5.421836214906214491e-07
1.414328746037188647e-08 -2.769946310952169631e-04 4.553009713566380360e-05 4.002543991312455020e-07 -2.188668628981087623e-05 8.026856424355224536e-04 -1.074612122268339730e-04 -8.506170582271780885e-05 -1.755960991489238028e-04 3.105083637581569265e-04 -5.514447423522187872e-05 -4.634347180173498766e-04 1.182230937737027341e-04 3.695061995527974997e-05
-2.612637711313407427e-10 1.001328372081346696e-04 -3.356154053321284392e-07 -4.541440730654119673e-09 2.733960472034010460e-07 -1.074612122268339730e-04 4.993862777757586993e-05 -6.248544311933530987e-06 -9.127225252812188718e-06 9.653930184176088225e-07 -2.229471757351566887e-06 -3.920650310846367985e-06 4.984243493347402702e-06 -2.455646795154484691e-06
-4.632772069856569712e-10 -1.270138965408698352e-05 1.475325836017675883e-06 -5.562928460339937228e-07 1.192505218044996819e-06 -8.506170582271780885e-05 -6.248544311933529293e-06 2.524793290829943897e-03 -3.571452828984796306e-03 -3.058414555480745787e-04 8.883887632079992059e-05 2.576870892719239445e-03 -6.984773869870160821e-04 -3.626621415606159091e-04
3.614984221105769709e-09 -2.894331705666794517e-05 -3.183844987205212940e-06 -8.920919955674468005e-08 -8.284483778195091453e-06 -1.755960991489238028e-04 -9.127225252812198883e-06 -3.571452828984796306e-03 1.117953529789168614e-02 -9.310103362429422540e-04 1.202857101691392659e-04 -3.928357390554138018e-03 1.012662172477174147e-03 3.456639781047196277e-05
-3.004573044210917998e-09 -1.512094075056298654e-05 1.488016287964032216e-05 8.338038167316469831e-07 -5.368897482388378514e-06 3.105083637581569265e-04 9.653930184176088225e-07 -3.058414555480745787e-04 -9.310103362429422540e-04 5.823868818557861524e-03 -9.836277915481180054e-04 -8.482570308939643006e-03 2.002859464943011671e-03 4.404487372981470911e-05
1.952125794623065006e-10 -4.214510300330400911e-07 -3.756138089488459674e-06 -1.384898892794621484e-07 1.184644236929988402e-06 -5.514447423522187872e-05 -2.229471757351565616e-06 8.883887632079992059e-05 1.202857101691392659e-04 -9.836277915481180054e-04 2.013886467924707821e-04 1.449023193740414791e-03 -4.088308811811248674e-04 -1.152089002611064211e-05
5.313208527802767547e-09 1.419518873263994805e-05 -1.364344029541655201e-05 -1.490399306438310515e-06 9.528849806354018878e-06 -4.634347180173498766e-04 -3.920650310846367985e-06 2.576870892719239445e-03 -3.928357390554138018e-03 -8.482570308939643006e-03 1.449023193740414791e-03 1.593958506005329137e-02 -3.809307101866373467e-03 -2.029935599274443076e-04
-5.673370814644123775e-10 2.056163337340960611e-06 5.917070089258495698e-06 3.587277257751420213e-07 -2.938148738661436868e-06 1.182230937737027341e-04 4.984243493347402702e-06 -6.984773869870160821e-04 1.012662172477174147e-03 2.002859464943011671e-03 -4.088308811811248674e-04 -3.809307101866373467e-03 1.048317307649867169e-03 6.105424042455797696e-05
1.983451458900790911e-10 -5.514108541168167198e-06 3.839247643657085224e-07 1.442866661689849056e-07 -5.421836214906214491e-07 3.695061995527974997e-05 -2.455646795154484691e-06 -3.626621415606159091e-04 3.456639781047196277e-05 4.404487372981470911e-05 -1.152089002611064211e-05 -2.029935599274443076e-04 6.105424042455797696e-05 1.277867325780173585e-04
