# cosmomc_theta logA ns ombh2 omch2 Alens tau a_tSZ a_kSZ a_p beta_p a_c beta_c a_s
2.189728763145395852e-12 3.668011071805483135e-10 2.382837392188665068e-09 1.747681452347721493e-11 -9.190798795721957090e-10 8.368884079293367863e-09 1.377687323706708077e-09 -2.110113402457585564e-09 1.891230046884171838e-09 1.182948529544362160e-08 -2.518659267368264829e-09 -1.248187858935923782e-08 4.487527013857013980e-09 1.204058884932693733e-09
3.668011071805483135e-10 1.716637504991184310e-04 -1.142749401964488671e-05 -1.077119186325149834e-07 3.751803326550015564e-06 -2.371443409743093664e-04 7.873529812885702098e-05 9.174551619869337853e-05 -1.826219795418204304e-04 -1.590220332408186091e-04 2.888017502913527710e-05 2.646139121567275604e-04 -7.124661078737204326e-05 -4.493416528244257054e-06
2.382837392188665068e-09 -1.142749401964488671e-05 1.095891831681429191e-05 -1.584235451789014915e-08 -2.856381993091335233e-06 3.847363047901676162e-05 -2.762096757761709074e-07 -4.026451724000560685e-05 4.239330673997246445e-05 4.133895597779363342e-05 -8.596844430764064403e-06 -7.236866835002099313e-05 2.112131151330328804e-05 9.613352991543034924e-06
1.747681452347721493e-11 -1.077119186325149834e-07 -1.584235451789014915e-08 4.053333785016153089e-09 -2.584772319307702305e-08 3.707633845849694893e-07 -3.497412099770797672e-08 -2.638587391449792842e-07 2.565319653931766163e-07 5.337936321662121738e-07 -6.173455321226264133e-08 -6.517852138584491394e-07 1.155719081993229011e-07 3.375653416398739124e-08
-9.190798795721957090e-10 3.751803326550015564e-06 -2.856381993091335233e-06 -2.584772319307702305e-08 1.266858919226941355e-06 -1.666656276499048120e-05 9.629253272336066807e-08 9.744324500859971765e-06 -2.286090326612089758e-05 -4.571523061057790400e-06 9.391704411250540087e-07 9.602071761264698103e-06 -2.913279721614782170e-06 -1.553825819144956783e-06
8.368884079293367863e-09 -2.371443409743093664e-04 3.847363047901676162e-05 3.707633845849694893e-07 -1.666656276499048120e-05 6.396271832513917427e-04 -9.182460254030151443e-05 -2.148362874240887217e-04 1.688205305861887814e-04 4.378600525454031810e-04 -7.720685632157273874e-05 -6.375550155555218673e-04 1.639125516088584423e-04 1.761704168286218325e-05
1.377687323706708077e-09 7.873529812885702098e-05 -2.762096757761709074e-07 -3.497412099770797672e-08 9.629253272336084013e-08 -9.182460254030151443e-05 3.899230985787790376e-05 2.768724289501892533e-05 -6.215772503970299354e-05 -6.590003271625027089e-05 1.179530560987203384e-05 1.078525471171276276e-04 -2.858800099159326995e-05 1.562541527031441699e-06
-2.110113402457585564e-09 9.174551619869337853e-05 -4.026451724000560685e-05 -2.638587391449792842e-07 9.744324500859971765e-06 -2.148362874240887217e-04 2.768724289501892533e-05 1.801221319370372364e-03 -2.241444330815094491e-03 -9.106681468219944521e-04 1.924460428135394503e-04 2.623869072113038225e-03 -7.055978489007939253e-04 -2.694397496342382085e-04
1.891230046884171838e-09 -1.826219795418204304e-04 4.239330673997246445e-05 2.565319653931766163e-07 -2.286090326612089758e-05 1.688205305861887814e-04 -6.215772503970299354e-05 -2.241444330815094491e-03 7.383578269287202796e-03 -9.797083807422144277e-05 -5.181204211938131098e-05 -3.213876057583723439e-03 8.838552658131906999e-04 -6.018127864348889623e-05
1.182948529544362160e-08 -1.590220332408186091e-04 4.133895597779363342e-05 5.337936321662121738e-07 -4.571523061057790400e-06 4.378600525454031810e-04 -6.590003271625027089e-05 -9.106681468219944521e-04 -9.797083807422144277e-05 5.448734689373150794e-03 -9.451671025059855914e-04 -8.137526428449441684e-03 1.963296820690778582e-03 1.613065903573708483e-04
-2.518659267368264829e-09 2.888017502913527710e-05 -8.596844430764064403e-06 -6.173455321226264133e-08 9.391704411250540087e-07 -7.720685632157273874e-05 1.179530560987203384e-05 1.924460428135394503e-04 -5.181204211938131098e-05 -9.451671025059855914e-04 1.925131959973103732e-04 1.443265527755513552e-03 -4.007103040844369694e-04 -2.616719559036379921e-05
-1.248187858935923782e-08 2.646139121567275604e-04 -7.236866835002099313e-05 -6.517852138584491394e-07 9.602071761264698103e-06 -6.375550155555218673e-04 1.078525471171276140e-04 2.623869072113038225e-03 -3.213876057583723439e-03 -8.137526428449441684e-03 1.443265527755513552e-03 1.462250267855482247e-02 -3.581108439765302246e-03 -2.821174020186705466e-04
4.487527013857013980e-09 -7.124661078737204326e-05 2.112131151330328804e-05 1.155719081993229011e-07 -2.913279721614782170e-06 1.639125516088584423e-04 -2.858800099159326995e-05 -7.055978489007939253e-04 8.838552658131906999e-04 1.963296820690778582e-03 -4.007103040844369694e-04 -3.581108439765302246e-03 9.854873381221721396e-04 7.033305901773368547e-05
1.204058884932693733e-09 -4.493416528244257054e-06 9.613352991543034924e-06 3.375653416398739124e-08 -1.553825819144956783e-06 1.761704168286218325e-05 1.562541527031441699e-06 -2.694397496342382085e-04 -6.018127864348889623e-05 1.613065903573708483e-04 -2.616719559036379921e-05 -2.821174020186705466e-04 7.033305901773368547e-05 1.065024165080578113e-04
