# cosmomc_theta logA ns ombh2 omch2 Alens tau a_tSZ a_kSZ a_p beta_p a_c beta_c a_s
1.857631589850824824e-12 -7.995018521782662303e-09 1.398901655464040081e-09 1.329486089828867789e-11 -5.224983268549986272e-10 1.640037843350932100e-08 -3.273405179867848183e-09 -5.741042591718637726e-09 1.663755406936189016e-08 5.072844574906462251e-09 -1.188813570240760774e-09 -1.258199898979048138e-08 4.108344622787008683e-09 5.652148434030851543e-10
-7.995018521782662303e-09 3.760801121336658959e-04 -1.230897335061148527e-05 -1.399184441940792482e-07 6.565069274394393969e-06 -5.211171184893048257e-04 1.796115712760466083e-04 8.184565170053545555e-05 -1.427283607452607369e-04 -2.032523733979133698e-06 4.823699714078487446e-06 6.998878093225399774e-05 -2.317642788161367829e-05 -1.778329255514982641e-05
1.398901655464040081e-09 -1.230897335061148527e-05 6.913662612770353472e-06 -6.016363069962879775e-09 -2.066775740786144342e-06 4.041462169665671655e-05 -2.369526252599835990e-06 2.014115246138407512e-07 -1.100489668363855465e-05 -1.351465860062241434e-05 1.515578196247932940e-06 2.339640581224599410e-05 -3.846856770908779168e-06 3.743793732024180012e-06
1.329486089828867789e-11 -1.399184441940792482e-07 -6.016363069962879775e-09 2.350991106609494355e-09 -1.700275015766032680e-08 4.243842251394076661e-07 -5.703418852075762291e-08 -6.582602337114897468e-07 4.609499133568848488e-07 5.205162089892311052e-07 -7.948369464270855014e-08 -1.081814727597920470e-06 2.262092047574483701e-07 1.027883924748718690e-07
-5.224983268549986272e-10 6.565069274394393969e-06 -2.066775740786144342e-06 -1.700275015766032680e-08 1.011677165946645560e-06 -2.146515669829192075e-05 1.857683724165835980e-06 7.820352704443049132e-06 -1.633906825538071136e-05 9.997725642758479529e-06 -1.362074477319490142e-06 -6.462436220774039720e-06 9.021005086122892549e-07 -1.593984995806929323e-06
1.640037843350932100e-08 -5.211171184893048257e-04 4.041462169665671655e-05 4.243842251394076661e-07 -2.146515669829192075e-05 1.047464456104856261e-03 -2.310668045902302022e-04 -2.701183012068084826e-04 9.122578180386408720e-05 -2.067225435720429852e-04 2.918363060008842476e-05 1.124186996825155189e-04 -1.818856321311462397e-05 7.375895448721186444e-05
-3.273405179867848183e-09 1.796115712760466083e-04 -2.369526252599835990e-06 -5.703418852075762291e-08 1.857683724165835980e-06 -2.310668045902302022e-04 8.808507403162029240e-05 3.701266656132443718e-05 -6.370838643974170463e-05 -1.752482953592600395e-05 5.146504800971093021e-06 5.435223578591907308e-05 -1.615935248062250169e-05 -6.963987166361489920e-06
-5.741042591718637726e-09 8.184565170053545555e-05 2.014115246138407512e-07 -6.582602337114897468e-07 7.820352704443049132e-06 -2.701183012068084826e-04 3.701266656132443718e-05 1.985511828977212529e-03 -3.119137688080954318e-03 -4.812458221083788681e-04 1.236656585962977127e-04 2.194590290281999995e-03 -5.576536828950274952e-04 -2.093055038438787171e-04
1.663755406936189016e-08 -1.427283607452607369e-04 -1.100489668363855465e-05 4.609499133568849018e-07 -1.633906825538071136e-05 9.122578180386408720e-05 -6.370838643974170463e-05 -3.119137688080954318e-03 1.154941596700841989e-02 -3.331540727883740716e-04 2.881650345296687664e-05 -4.084682354315081684e-03 9.288916022885549068e-04 -2.778320148373906399e-04
5.072844574906462251e-09 -2.032523733979133698e-06 -1.351465860062241434e-05 5.205162089892311052e-07 9.997725642758479529e-06 -2.067225435720429852e-04 -1.752482953592600395e-05 -4.812458221083788681e-04 -3.331540727883740716e-04 4.278797901426131638e-03 -7.229502320327352381e-04 -6.037948007632351795e-03 1.371082376825992748e-03 8.426304949569582057e-05
-1.188813570240760774e-09 4.823699714078487446e-06 1.515578196247932940e-06 -7.948369464270855014e-08 -1.362074477319490142e-06 2.918363060008842476e-05 5.146504800971093021e-06 1.236656585962977127e-04 2.881650345296687664e-05 -7.229502320327352381e-04 1.561665532338933030e-04 1.018107267996189993e-03 -2.945408533675548794e-04 -2.258168986920702727e-05
-1.258199898979048138e-08 6.998878093225399774e-05 2.339640581224599410e-05 -1.081814727597920470e-06 -6.462436220774039720e-06 1.124186996825155189e-04 5.435223578591907308e-05 2.194590290281999995e-03 -4.084682354315081684e-03 -6.037948007632351795e-03 1.018107267996189993e-03 1.123785675503735475e-02 -2.523688418386144366e-03 -1.120941617591364957e-04
4.108344622787008683e-09 -2.317642788161367829e-05 -3.846856770908779168e-06 2.262092047574483701e-07 9.021005086122892549e-07 -1.818856321311462397e-05 -1.615935248062250169e-05 -5.576536828950274952e-04 9.288916022885549068e-04 1.371082376825992748e-03 -2.945408533675548794e-04 -2.523688418386144366e-03 6.970247065748500339e-04 4.396422341443671875e-05
5.652148434030851543e-10 -1.778329255514982641e-05 3.743793732024180012e-06 1.027883924748718690e-07 -1.593984995806929323e-06 7.375895448721186444e-05 -6.963987166361489920e-06 -2.093055038438787171e-04 -2.778320148373906399e-04 8.426304949569582057e-05 -2.258168986920702727e-05 -1.120941617591364957e-04 4.396422341443671875e-05 1.114277698879593355e-04
