# cosmomc_theta logA ns ombh2 omch2 Alens tau a_tSZ a_kSZ a_p beta_p a_c beta_c a_s
2.141719524790832776e-12 -2.417945204566078785e-09 2.461556353945635807e-09 3.954763702470172263e-12 -8.318275191930554578e-10 1.462571588042786794e-08 1.056068880927453202e-11 4.870249127240220517e-09 2.500339571566458002e-09 3.424773538716892431e-10 3.564519938533818180e-10 1.015378241118080885e-09 -1.293487079598946305e-09 -6.946588829386356741e-10
-2.417945204566078785e-09 2.273566852001322389e-04 -1.165947716946702306e-05 -8.883936634833784916e-08 4.667102056770077049e-06 -2.789636801711391028e-04 1.064306115533668893e-04 -1.571830376546289157e-05 -1.297628983545981886e-05 2.686766549754401024e-05 -5.142966903832901516e-06 -7.604772967905262544e-05 1.992636473448797875e-05 1.595728311132481641e-07
2.461556353945635807e-09 -1.165947716946702306e-05 1.168461512306661895e-05 -2.760545247696157900e-08 -2.947898532138464418e-06 4.360619737512753572e-05 1.108114753154560217e-07 -3.393697115199901918e-06 1.865949155790897011e-06 2.244371506825538294e-05 -1.900574788341173948e-06 -3.021356952000341635e-05 3.021118425893463476e-06 1.009646964304320875e-06
3.954763702470172263e-12 -8.883936634833784916e-08 -2.760545247696157900e-08 4.546377453564966651e-09 -2.861043668737532597e-08 4.455925875541404643e-07 -2.905963996785466741e-08 -3.042179848112222468e-07 -4.394212506048661034e-07 9.311733181758563864e-07 -1.539999135758450835e-07 -1.269136044439001868e-06 2.903578692547937703e-07 1.039357789933102967e-07
-8.318275191930554578e-10 4.667102056770077049e-06 -2.947898532138464418e-06 -2.861043668737532597e-08 1.411400576773743339e-06 -2.200147139751439514e-05 3.818121389832267683e-07 -1.565671938975845859e-06 -1.922742869725207800e-06 -4.624096307334033119e-06 2.371636577952819525e-07 3.304258054894830544e-06 3.570672528009041596e-07 -1.111868298552770958e-07
1.462571588042786794e-08 -2.789636801711391028e-04 4.360619737512753572e-05 4.455925875541404643e-07 -2.200147139751439514e-05 7.458980738234722305e-04 -1.086587606059259822e-04 -1.974514288434549392e-05 -2.222569143274010037e-04 2.401669909137808703e-04 -3.364356260716889715e-05 -2.482375654400419043e-04 3.973790377275359168e-05 1.781154116221747791e-05
1.056068880927460633e-11 1.064306115533669028e-04 1.108114753154558761e-07 -2.905963996785466741e-08 3.818121389832267683e-07 -1.086587606059259822e-04 5.312171179740669640e-05 -8.393579545159686258e-06 -2.309221822609610902e-06 2.484718512450339139e-05 -3.467921748030568554e-06 -5.296842391947156626e-05 1.129014299853904587e-05 3.602734865788781737e-07
4.870249127240220517e-09 -1.571830376546289157e-05 -3.393697115199901918e-06 -3.042179848112222468e-07 -1.565671938975845859e-06 -1.974514288434549392e-05 -8.393579545159682870e-06 2.036887418875830101e-03 -2.877516384760640984e-03 -5.838619964503525411e-04 1.511090831895861802e-04 2.418478476908026038e-03 -6.563945632010357526e-04 -2.706345358391415695e-04
2.500339571566458002e-09 -1.297628983545981886e-05 1.865949155790897011e-06 -4.394212506048661034e-07 -1.922742869725208647e-06 -2.222569143274010037e-04 -2.309221822609609208e-06 -2.877516384760640984e-03 1.027280288456917760e-02 -1.778913115046412767e-05 -1.023506645737864718e-04 -4.767076184618369503e-03 1.290406008683650388e-03 -1.634164053033375992e-04
3.424773538716892431e-10 2.686766549754401024e-05 2.244371506825538294e-05 9.311733181758563864e-07 -4.624096307334033119e-06 2.401669909137808703e-04 2.484718512450339816e-05 -5.838619964503525411e-04 -1.778913115046412767e-05 6.140179109002349631e-03 -1.057763119926665362e-03 -9.293363849155210354e-03 2.142338624026736676e-03 3.239240514071786009e-05
3.564519938533818180e-10 -5.142966903832901516e-06 -1.900574788341173948e-06 -1.539999135758450835e-07 2.371636577952819525e-07 -3.364356260716889715e-05 -3.467921748030567707e-06 1.511090831895861802e-04 -1.023506645737864718e-04 -1.057763119926665362e-03 2.188837188448327102e-04 1.641888688012142035e-03 -4.458033534077982386e-04 -7.802132180936242951e-06
1.015378241118080885e-09 -7.604772967905262544e-05 -3.021356952000341635e-05 -1.269136044439001868e-06 3.304258054894830544e-06 -2.482375654400419043e-04 -5.296842391947156626e-05 2.418478476908026038e-03 -4.767076184618369503e-03 -9.293363849155210354e-03 1.641888688012142035e-03 1.724587572976861438e-02 -4.053509758461287110e-03 -3.330063417966769290e-05
-1.293487079598946305e-09 1.992636473448797875e-05 3.021118425893463476e-06 2.903578692547937703e-07 3.570672528009041596e-07 3.973790377275359168e-05 1.129014299853904926e-05 -6.563945632010357526e-04 1.290406008683650388e-03 2.142338624026736676e-03 -4.458033534077982386e-04 -4.053509758461287110e-03 1.087072319541601854e-03 1.354170250954310988e-05
-6.946588829386356741e-10 1.595728311132481641e-07 1.009646964304320875e-06 1.039357789933102967e-07 -1.111868298552770958e-07 1.781154116221747791e-05 3.602734865788778561e-07 -2.706345358391415695e-04 -1.634164053033375992e-04 3.239240514071786009e-05 -7.802132180936242951e-06 -3.330063417966769290e-05 1.354170250954310988e-05 1.250105052893003886e-04
