# cosmomc_theta logA ns ombh2 omch2 Alens tau a_tSZ a_kSZ a_p beta_p a_c beta_c a_s
2.301681802865073915e-12 2.881287117343760591e-09 1.755628723473863632e-09 5.569860090899517142e-12 -5.145264924115043089e-10 4.151178772059464587e-10 2.191210709454721696e-09 -2.815489675244213561e-09 1.533417995225429595e-08 -8.018510963158682629e-09 1.392826569756601546e-09 1.235419992700772014e-08 -1.967042784600015741e-09 7.703939043396042155e-10
2.881287117343760591e-09 3.052509640258722250e-04 -9.240038285490269777e-06 -2.788393389974621422e-07 5.654404070737195818e-06 -4.534233565268493290e-04 1.430433328714919323e-04 4.730104956779530281e-05 2.002158162566205699e-04 1.907827537447022231e-04 -4.129021982985321340e-05 -2.994575584437972164e-04 8.696287344361626048e-05 -3.537204386877014755e-05
1.755628723473863632e-09 -9.240038285490269777e-06 9.439480103509195055e-06 -2.863553233111635810e-08 -2.518834330800321774e-06 4.344761161677180829e-05 5.596420301346440454e-07 -2.740628927552072010e-06 -1.157949357018891463e-05 -1.892110525170045271e-05 2.691934268036692424e-06 3.394395438008480481e-05 -5.371939181366561885e-06 4.675736577786091457e-06
5.569860090899517142e-12 -2.788393389974621422e-07 -2.863553233111635810e-08 3.583068937623799559e-09 -1.449748351149119570e-08 6.036337192584344675e-07 -1.304691450434748115e-07 -9.416328349483272933e-07 -2.576385322081099515e-08 8.331669536499999549e-07 -1.244033516897241142e-07 -1.725905258463296613e-06 3.518058954418059367e-07 2.127133514808287442e-07
-5.145264924115043089e-10 5.654404070737195818e-06 -2.518834330800321774e-06 -1.449748351149119570e-08 1.155629976982580557e-06 -2.182633117075691534e-05 1.086735456567103576e-06 1.775762847915903732e-06 -5.184501305984355675e-06 1.832437463124801996e-05 -3.059174984378155494e-06 -2.659121765477834569e-05 5.798080276419194532e-06 -8.127449132215613113e-07
4.151178772059464587e-10 -4.534233565268493290e-04 4.344761161677180829e-05 6.036337192584344675e-07 -2.182633117075691534e-05 1.040552351378699718e-03 -1.906031386344004999e-04 -2.770094859847512382e-04 -3.420638823383573605e-04 -2.478927709522685957e-04 4.880108909592059197e-05 2.496226904258300227e-04 -6.932624444576047441e-05 1.020542067913802526e-04
2.191210709454721696e-09 1.430433328714919323e-04 5.596420301346440454e-07 -1.304691450434748115e-07 1.086735456567103576e-06 -1.906031386344004999e-04 7.010789982137852563e-05 1.908936312602533221e-05 1.020784843848939648e-04 7.669268662984373862e-05 -1.738080655577091841e-05 -1.240822560984472403e-04 3.792133200973598625e-05 -1.518574960636435958e-05
-2.815489675244213561e-09 4.730104956779530281e-05 -2.740628927552072010e-06 -9.416328349483272933e-07 1.775762847915903732e-06 -2.770094859847512382e-04 1.908936312602533221e-05 2.608410104862721179e-03 -3.113423927995277122e-03 -1.174440244996067823e-03 2.336220397457620815e-04 3.582589487473914706e-03 -8.651609924384181388e-04 -4.039081066047726129e-04
1.533417995225429595e-08 2.002158162566205699e-04 -1.157949357018891463e-05 -2.576385322081095214e-08 -5.184501305984355675e-06 -3.420638823383573605e-04 1.020784843848939919e-04 -3.113423927995277122e-03 1.119773285582490244e-02 -1.836788978815596289e-04 4.159599976579818819e-05 -4.406716567045389568e-03 9.175114056364406471e-04 -2.023892976097271487e-04
-8.018510963158682629e-09 1.907827537447022231e-04 -1.892110525170045271e-05 8.331669536499999549e-07 1.832437463124801996e-05 -2.478927709522685957e-04 7.669268662984373862e-05 -1.174440244996067823e-03 -1.836788978815596289e-04 5.753943718660859200e-03 -9.297953478767585116e-04 -8.843203337933341901e-03 1.928317973900597893e-03 2.347362162641290382e-04
1.392826569756601546e-09 -4.129021982985321340e-05 2.691934268036692424e-06 -1.244033516897241142e-07 -3.059174984378155494e-06 4.880108909592059197e-05 -1.738080655577091841e-05 2.336220397457620815e-04 4.159599976579818819e-05 -9.297953478767585116e-04 1.882819926776922660e-04 1.424728917278861046e-03 -3.835535473867170814e-04 -4.859963536345929361e-05
1.235419992700772014e-08 -2.994575584437972164e-04 3.394395438008480481e-05 -1.725905258463296613e-06 -2.659121765477834569e-05 2.496226904258300227e-04 -1.240822560984472403e-04 3.582589487473914706e-03 -4.406716567045389568e-03 -8.843203337933341901e-03 1.424728917278861046e-03 1.668736918273288489e-02 -3.635477375864221497e-03 -4.110642473670560854e-04
-1.967042784600015741e-09 8.696287344361626048e-05 -5.371939181366561885e-06 3.518058954418059367e-07 5.798080276419194532e-06 -6.932624444576047441e-05 3.792133200973598625e-05 -8.651609924384181388e-04 9.175114056364406471e-04 1.928317973900597893e-03 -3.835535473867170814e-04 -3.635477375864221497e-03 9.430072308275814878e-04 1.136509268467940137e-04
7.703939043396042155e-10 -3.537204386877014755e-05 4.675736577786091457e-06 2.127133514808287442e-07 -8.127449132215613113e-07 1.020542067913802526e-04 -1.518574960636435958e-05 -4.039081066047726129e-04 -2.023892976097271487e-04 2.347362162641290382e-04 -4.859963536345929361e-05 -4.110642473670560854e-04 1.136509268467940137e-04 1.657170749551586562e-04
